update,framesToTrain,FPS,duration,rreturn_mean,rreturn_std,rreturn_min,rreturn_max,num_frames_mean,num_frames_std,num_frames_min,num_frames_max,entropy,value,policy_loss,value_loss,grad_norm,return_mean,return_std,return_min,return_max
1,6144,1143.747156188851,5,0.0,0.0,0,0,0.0,0.0,0,0,1.7824397285779316,0.21930070531864962,0.025324889031859737,0.02451068900215129,0.15584036005814975,0.0,0.0,0,0
update,framesToTrain,FPS,duration,rreturn_mean,rreturn_std,rreturn_min,rreturn_max,num_frames_mean,num_frames_std,num_frames_min,num_frames_max,entropy,value,policy_loss,value_loss,grad_norm,return_mean,return_std,return_min,return_max
2,12288,1299.917306873669,10,0.012500000496705374,0.08569568591025352,0.0,0.6000000238418579,3.3333333333333335,22.852182001336814,0.0,160.0,1.7790056715408962,0.20423229721685252,0.03216515854001045,0.00419162618345581,0.08828797756299578,0.012500000496705374,0.08569568591025352,0.0,0.6000000238418579
3,18432,1337.0151480767224,14,0.01729166725029548,0.09112125006314187,0.0,0.6000000238418579,174.75,177.12172132933517,0.0,360.0,1.8680866559346516,0.17396995114783445,0.04406071609507004,0.0020684192083232724,0.04738507026474472,0.01729166725029548,0.09112125006314187,0.0,0.6000000238418579
4,24576,1279.0968850055845,19,0.03026041729996602,0.12553660044399925,0.0,0.6225000023841858,177.89583333333334,175.3218753682463,0.0,360.0,1.900559738278389,0.15179639061292013,0.024187627946957946,0.0006152545017054459,0.024617283994755088,0.03026041729996602,0.12553660044399925,0.0,0.6225000023841858
5,30720,1215.7957545711934,24,0.05884583325435718,0.16256272626560747,0.0,0.6225000023841858,206.04166666666666,175.24660699679436,0.0,531.0,1.9250298043092091,0.12926314181337753,0.02017947604569296,0.0004883563815383241,0.02207352943199838,0.05884583325435718,0.16256272626560747,0.0,0.6225000023841858
6,36864,1235.8487183043394,29,0.046345832757651806,0.14227274950692329,0.0,0.6225000023841858,352.7083333333333,47.202117860913354,151.0,531.0,1.9324401319026947,0.1032654931768775,0.025493579373384517,0.00041743375186342746,0.018957380245063035,0.046345832757651806,0.14227274950692329,0.0,0.6225000023841858
7,43008,1229.005346810113,34,0.05462708262105783,0.16280824636132774,0.0,0.6274999976158142,349.3958333333333,55.135718755076454,149.0,531.0,1.9360008041063945,0.08753496315330267,0.014139502891339362,0.00040786699294888723,0.022334908212472332,0.05462708262105783,0.16280824636132774,0.0,0.6274999976158142
8,49152,1286.0069094578369,39,0.02552083320915699,0.10642137902100679,0.0,0.6274999976158142,658.9583333333334,328.77075082376507,149.0,1000.0,1.934734582901001,0.0726732990394036,0.017373638732048374,0.0003364973205558878,0.015291347012627021,0.02552083320915699,0.10642137902100679,0.0,0.6274999976158142
9,55296,1266.521798274126,44,0.027864583147068817,0.10707034933861309,0.0,0.6274999976158142,658.8541666666666,328.8662335448445,149.0,1000.0,1.9405893683433533,0.05789910303428769,0.012896493969795605,0.00015352489360035784,0.01313071974766201,0.027864583147068817,0.10707034933861309,0.0,0.6274999976158142
10,61440,1328.8537904721438,49,0.01869791653007269,0.06648345168453713,0.0,0.33500000834465027,662.5208333333334,324.10794174056514,266.0,1000.0,1.941387102007866,0.04721904437368115,0.008034080383367836,7.940262200160457e-05,0.010879060952241454,0.01869791653007269,0.06648345168453713,0.0,0.33500000834465027
11,67584,1292.4740461762312,53,0.011718749689559141,0.047898970618985764,0.0,0.26249998807907104,651.1458333333334,321.0630772386825,295.0,1000.0,1.9424612720807393,0.039293284683177866,0.007267927673334877,6.378525540640112e-05,0.008925477020859232,0.011718749689559141,0.047898970618985764,0.0,0.26249998807907104
12,73728,1293.8180669086264,58,0.011718749689559141,0.047898970618985764,0.0,0.26249998807907104,437.8125,212.7422791636632,295.0,1000.0,1.9432847549517949,0.03075649340947469,0.006749506166670471,6.38518255679325e-05,0.008506123059704343,0.011718749689559141,0.047898970618985764,0.0,0.26249998807907104
13,79872,1302.452545207249,63,0.030202083600064118,0.11973152651078552,0.0,0.6825000047683716,372.4791666666667,103.22790110223215,127.0,1000.0,1.941433310508728,0.02918484325831135,0.00251752801098822,0.0006488325185879754,0.019133644622001456,0.030202083600064118,0.11973152651078552,0.0,0.6825000047683716
14,86016,1216.1193518152477,68,0.04103541715691487,0.13401586916783115,0.0,0.6825000047683716,368.9791666666667,105.45703895886807,127.0,1000.0,1.941600148876508,0.025637348104889195,0.004005236318334937,0.00010869359933470453,0.009173921307007877,0.04103541715691487,0.13401586916783115,0.0,0.6825000047683716
15,92160,1230.701786460582,73,0.03712916715691487,0.132412845756313,0.0,0.6825000047683716,369.7083333333333,105.27126830505823,127.0,1000.0,1.94389508664608,0.019948194346701104,0.0036344535959263644,4.7023543856994365e-05,0.0052831922415820754,0.03712916715691487,0.132412845756313,0.0,0.6825000047683716
16,98304,1289.8065653806275,78,0.013854166803260645,0.07117312915676799,0.0,0.45750001072883606,649.4583333333334,323.12806789861025,217.0,1000.0,1.9430795907974243,0.01704199080510686,0.0030046482861507684,0.00015907594191351868,0.017724332995368845,0.013854166803260645,0.07117312915676799,0.0,0.45750001072883606
17,104448,1243.986208977951,83,0.009531250223517418,0.06534295944243065,0.0,0.45750001072883606,650.3541666666666,322.2635754564456,217.0,1000.0,1.9435746272404988,0.014645975626384219,0.0034785596556806317,3.6607834545066e-05,0.006447924372832853,0.009531250223517418,0.06534295944243065,0.0,0.45750001072883606
18,110591,976.2145715510497,6,0.0,0.0,0,0,0.0,0.0,0,0,1.9442168523867924,0.01205796612581859,0.002065350655660344,1.941411536184508e-05,0.004023751933019424,0.0,0.0,0,0
19,116735,1082.6791145323155,12,0.018190104514360428,0.12470507369565087,0.0,0.8731250166893005,4.229166666666667,28.99370591419608,0.0,203.0,1.941828231016795,0.012008731874326864,-0.0007077120420338664,0.0006878670331692168,0.013067612696117135,0.018190104514360428,0.12470507369565087,0.0,0.8731250166893005
20,122879,1125.5117536510731,17,0.018190104514360428,0.12470507369565087,0.0,0.8731250166893005,4.229166666666667,28.99370591419608,0.0,203.0,1.9438489278157551,0.0024139889689346696,0.0004266748605914472,2.889328478280125e-05,0.005202525533225924,0.018190104514360428,0.12470507369565087,0.0,0.8731250166893005
21,129023,1216.078720579177,22,0.018190104514360428,0.12470507369565087,0.0,0.8731250166893005,4.229166666666667,28.99370591419608,0.0,203.0,1.9441348214944203,0.0033797008412269256,0.0005515019680994252,1.836055389503599e-05,0.003491396841793476,0.018190104514360428,0.12470507369565087,0.0,0.8731250166893005
22,135167,1198.271210968529,27,0.05817708373069763,0.19521484517847068,0.0,0.8731250166893005,40.25,141.6676715650634,0.0,624.0,1.939484844605128,0.008619501735665835,-0.004286757835264628,0.0010901764459655776,0.02402696735284701,0.05817708373069763,0.19521484517847068,0.0,0.8731250166893005
23,141311,1150.9573463661227,33,0.05817708373069763,0.19521484517847068,0.0,0.8731250166893005,40.25,141.6676715650634,0.0,624.0,1.9429591943820317,0.006034579312351222,0.0004641396899387473,4.0696265917479955e-05,0.005943274544291125,0.05817708373069763,0.19521484517847068,0.0,0.8731250166893005
24,147455,1140.1516176936773,38,0.05817708373069763,0.19521484517847068,0.0,0.8731250166893005,40.25,141.6676715650634,0.0,624.0,1.9436037242412567,0.006024587365876262,0.001396622593650439,3.7762964363234154e-05,0.005204936168587003,0.05817708373069763,0.19521484517847068,0.0,0.8731250166893005
25,153599,1117.2907446780007,44,0.08200520897905032,0.20952319074063844,0.0,0.8731250166893005,102.125,269.5119528116208,0.0,1022.0,1.9409025659163792,0.007008913264144212,-0.002394619703409262,0.00038808220597275067,0.013310714066112,0.08200520897905032,0.20952319074063844,0.0,0.8731250166893005
26,159743,1090.2822230351098,49,0.08871093826989333,0.2119282846733069,0.0,0.8731250166893005,124.72916666666667,303.37166009583945,0.0,1085.0,1.9421713054180145,0.0035935331585884947,-0.00044730096222641197,0.0001033683808297307,0.008473888330015255,0.08871093826989333,0.2119282846733069,0.0,0.8731250166893005
27,165887,1085.0497604998627,55,0.09294270910322666,0.21214254568183355,0.0,0.8731250166893005,151.29166666666666,344.3395827724267,0.0,1275.0,1.9419074058532715,0.0009723521722359388,-0.000815842360376943,0.00010950426318837951,0.008115734029226817,0.09294270910322666,0.21214254568183355,0.0,0.8731250166893005
28,172031,1081.1284539736996,61,0.10772135481238365,0.21010695024753756,0.0,0.8731250166893005,294.3125,501.22895451455116,0.0,1394.0,1.939067468047142,0.0026601835907058557,-0.0012127916658452402,0.00011650426480021754,0.011222602430378148,0.10772135481238365,0.21010695024753756,0.0,0.8731250166893005
29,178175,1057.4247034018067,67,0.11311197901765506,0.22674929287396986,0.0,0.9087499976158142,1305.6875,309.6610483153314,146.0,1440.0,1.9402815500895183,0.0048180315055409055,-0.005026979592609375,0.0013444404348774697,0.02199391288843672,0.11311197901765506,0.22674929287396986,0.0,0.9087499976158142
30,184319,1069.51407940719,72,0.10565104087193807,0.2312389097022154,0.0,0.9087499976158142,1314.2916666666667,320.15523307278437,146.0,1440.0,1.9412647038698196,0.004847665198515945,-0.002013117391470587,0.0007726839461004905,0.015811473331758055,0.10565104087193807,0.2312389097022154,0.0,0.9087499976158142
31,190463,1042.2149098289178,78,0.11385416674117248,0.24857878264558309,0.0,0.9087499976158142,1301.1666666666667,347.470882073432,146.0,1440.0,1.942044382294019,0.004804338162405959,-0.0021037247004945434,0.0004065019963187903,0.014687646243881393,0.11385416674117248,0.24857878264558309,0.0,0.9087499976158142
32,196607,1056.5875527626408,84,0.11548177090783913,0.25045021998200634,0.0,0.9087499976158142,1298.5625,350.0273743015204,146.0,1440.0,1.939524715145429,0.005305966090721388,-0.0018804925384756643,0.00040690281790981925,0.00974984225722827,0.11548177090783913,0.25045021998200634,0.0,0.9087499976158142
33,202751,1073.0493941680218,90,0.13618489479025206,0.28245854788851044,0.0,0.9087499976158142,1258.7708333333333,393.7240594409223,146.0,1440.0,1.9358285913864772,0.016664803493767977,-0.004594280010981795,0.0013973127206554636,0.015397688854838132,0.13618489479025206,0.28245854788851044,0.0,0.9087499976158142
34,208895,1037.860771669254,96,0.17636718538900217,0.3131239215597617,0.0,0.9237499833106995,1201.1458333333333,436.1319558336737,122.0,1440.0,1.9369002779324849,0.021484161416689556,-0.0019051484556863822,0.0009514747349991618,0.016926999817160848,0.17636718538900217,0.3131239215597617,0.0,0.9237499833106995
35,215038,983.4643080644306,6,0.0,0.0,0,0,0.0,0.0,0,0,1.9433897038300831,0.0117792091332376,0.00196347110371183,3.5487438177976095e-05,0.003213804743450658,0.0,0.0,0,0
36,221182,1028.5327115206399,12,0.0,0.0,0,0,0.0,0.0,0,0,1.9440061002969742,0.009712226727666954,0.0014873408460213493,2.1319100558988186e-05,0.0021910451469465205,0.0,0.0,0,0
37,227326,1089.0596291945596,18,0.0,0.0,0,0,0.0,0.0,0,0,1.9428023099899292,0.010434965215002498,0.0005536222221659651,0.00014002662866611595,0.00505452354763771,0.0,0.0,0,0
38,233470,1086.482964454029,23,0.030625000596046448,0.14694817828724022,0.0,0.7581250071525574,17.666666666666668,85.06231376010308,0.0,461.0,1.9393446842829387,0.017327065540788073,-0.0006844602842951039,0.0005048541011092311,0.009304064571028055,0.030625000596046448,0.14694817828724022,0.0,0.7581250071525574
39,239614,1109.304890832074,29,0.10376302028695743,0.2541991243899068,0.0,0.9368749856948853,67.3125,174.69582568114404,0.0,635.0,1.9337481458981831,0.02021527538696925,-0.0055141400613744436,0.0014669202937511727,0.020512239517514876,0.10376302028695743,0.2541991243899068,0.0,0.9368749856948853
40,245758,1117.1979861149919,34,0.1507942688961824,0.2814930845330576,0.0,0.9368749856948853,125.39583333333333,244.8217667664354,0.0,763.0,1.9361826330423355,0.027269156804929178,-0.0004436227360808213,0.000952685884233991,0.0140857349280294,0.1507942688961824,0.2814930845330576,0.0,0.9368749856948853
41,251902,1220.658038501752,39,0.21328124900658926,0.31054250141953726,0.0,0.9368749856948853,192.08333333333334,296.25445378743063,0.0,882.0,1.9256849239269893,0.04032532575850686,-0.0033436017717273594,0.002125639339889555,0.023273889398546976,0.21328124900658926,0.31054250141953726,0.0,0.9368749856948853
42,258046,1124.3158462421584,45,0.25733072869479656,0.3321990080051398,0.0,0.9368749856948853,221.60416666666666,314.2042687212236,0.0,1006.0,1.9316578557093937,0.036434465708831944,-0.0004769885417772457,0.001037501845227477,0.014401146580354511,0.25733072869479656,0.3321990080051398,0.0,0.9368749856948853
43,264190,1117.6098742473316,50,0.2813020820418994,0.3365380245652553,0.0,0.9368749856948853,249.91666666666666,331.3458561516786,0.0,1032.0,1.9290030002593994,0.035495718785872064,0.003280732288355163,0.0011398868846299592,0.019055589007106077,0.2813020820418994,0.3365380245652553,0.0,0.9368749856948853
44,270334,1128.9537294987867,56,0.3372135413810611,0.3316906460831498,0.0,0.9368749856948853,360.4583333333333,395.3346661550046,0.0,1256.0,1.9221561551094055,0.050755956365416445,-0.0013676906940721285,0.0017020451826586698,0.017873354459549406,0.3372135413810611,0.3316906460831498,0.0,0.9368749856948853
45,276478,1200.1185027548447,61,0.4196093740562598,0.33256491724130105,0.0,0.9574999809265137,428.625,402.1933938314585,0.0,1320.0,1.9194306433200836,0.04989902318144838,-0.000746159115806222,0.002477087572818467,0.023179329893177097,0.4196093740562598,0.33256491724130105,0.0,0.9574999809265137
46,282622,1178.512573914841,66,0.24317708238959312,0.34678184241190957,0.0,0.9725000262260437,1114.25,488.6297379748119,44.0,1440.0,1.9168307234843571,0.04569984367117286,-0.004399658384500071,0.002606255145413646,0.026203734514011177,0.24317708238959312,0.34678184241190957,0.0,0.9725000262260437
47,288766,1129.5106103142505,72,0.29738281201571226,0.3920544606188493,0.0,0.9725000262260437,1027.5208333333333,554.6358786621233,44.0,1440.0,1.9155261715253193,0.062499080784618855,-0.006051597879074204,0.0028628574509639293,0.023971258962865078,0.29738281201571226,0.3920544606188493,0.0,0.9725000262260437
48,294910,1167.9633232249575,77,0.4527083331098159,0.4156095190616516,0.0,0.9725000262260437,805.6666666666666,589.1395326142092,44.0,1440.0,1.890113929907481,0.084050879192849,-0.020641208665135007,0.007002367308208098,0.038665933981634475,0.4527083331098159,0.4156095190616516,0.0,0.9725000262260437
49,301054,1075.8348158077033,83,0.7875781233112017,0.2478707394601333,0.0,0.9825000166893005,329.875,365.4909725857352,28.0,1440.0,1.8681996315717697,0.11434521712362766,-0.01949165346256147,0.008849507566386213,0.05255220035567685,0.7875781233112017,0.2478707394601333,0.0,0.9825000166893005
50,307198,1112.4730843138848,88,0.8715234380215406,0.12490699165128255,0.43687498569488525,0.9862499833106995,205.5625,199.85118486951734,22.0,901.0,1.843605453769366,0.15922267672916254,-0.02424009854439646,0.012140048008101681,0.07436302892310011,0.8715234380215406,0.12490699165128255,0.43687498569488525,0.9862499833106995
51,313342,1103.2012505268822,94,0.8276562504470348,0.2313180318522069,0.0,0.9868749976158142,269.0833333333333,346.90938017810294,21.0,1440.0,1.8231319934129715,0.2183030229061842,-0.02913472867415597,0.013246051695508262,0.07672027456465745,0.8276562504470348,0.2313180318522069,0.0,0.9868749976158142
52,319485,970.5243732274238,6,0.17744791756073633,0.36947082435279893,0.0,0.9793750047683716,16.083333333333332,35.76184729879348,0.0,126.0,1.8405147443215053,0.1958432892958323,-0.0009591133809105182,0.008015363205534717,0.06343120227144598,0.17744791756073633,0.36947082435279893,0.0,0.9793750047683716
53,325629,1113.580250251087,12,0.5152343747516474,0.4552584406917051,0.0,0.9793750047683716,75.625,80.38180375557643,0.0,253.0,1.8316396574179332,0.21485738207896551,-9.8949948248143e-05,0.008865735648820797,0.05750175574960331,0.5152343747516474,0.4552584406917051,0.0,0.9793750047683716
54,331773,1128.242667275289,17,0.872669268399477,0.058973107090945054,0.7631250023841858,0.9862499833106995,203.72916666666666,94.35697721581353,22.0,379.0,1.7966857353846233,0.22634202862779298,-0.024179737200029194,0.011660591893208524,0.0668597409461091,0.872669268399477,0.058973107090945054,0.7631250023841858,0.9862499833106995
55,337917,1110.6456639688158,23,0.8562630203862985,0.08479500938517295,0.6831250190734863,0.9856250286102295,229.97916666666666,135.67201406076921,23.0,507.0,1.782077133655548,0.26466624811291695,-0.02149179729167372,0.012512869395626089,0.07591258869803146,0.8562630203862985,0.08479500938517295,0.6831250190734863,0.9856250286102295
56,344061,1093.1814599594106,28,0.8763932225604852,0.09939843776380305,0.6006249785423279,0.9862499833106995,197.77083333333334,159.03750076414542,22.0,639.0,1.7530830055475235,0.288724680741628,-0.02397978398948908,0.012386360011684397,0.07574480171022992,0.8763932225604852,0.09939843776380305,0.6006249785423279,0.9862499833106995
57,350205,1063.8486081951148,34,0.8696874963740507,0.11344725907356955,0.5681250095367432,0.9862499833106995,208.5,181.51560998070295,22.0,691.0,1.7188351253668468,0.3282731970151265,-0.02687192999292165,0.011534067491690317,0.07720395715717726,0.8696874963740507,0.11344725907356955,0.5681250095367432,0.9862499833106995
58,356349,1061.5081635624765,40,0.9248728863263534,0.04787427640601386,0.7987499833106995,0.984375,120.20338983050847,76.59884047027347,25.0,322.0,1.6696786532799404,0.38735183080037433,-0.039989461579049625,0.012646145614174506,0.08860137114688711,0.9248728863263534,0.04787427640601386,0.7987499833106995,0.984375
59,362493,1083.2461353207934,46,0.9290301758667519,0.06968701284819635,0.5756250023841858,0.9900000095367432,113.55172413793103,111.49921484396404,16.0,679.0,1.6354533433914185,0.43776025126377743,-0.03048720327205956,0.01220523468994846,0.107633477247338,0.9290301758667519,0.06968701284819635,0.5756250023841858,0.9900000095367432
60,368637,1088.7893464298888,51,0.9443100636655634,0.04257544317008605,0.7875000238418579,0.9912499785423279,89.1038961038961,68.1207073072583,14.0,340.0,1.5804212341705959,0.49455152451992035,-0.04547448665834963,0.01325367228128016,0.0945310236635356,0.9443100636655634,0.04257544317008605,0.7875000238418579,0.9912499785423279
61,374781,1124.3090769692499,57,0.9459747019268218,0.04565478982387319,0.7512500286102295,0.9881250262260437,86.44047619047619,73.0476607608374,19.0,398.0,1.5487702041864395,0.5457691897948583,-0.04817405521559218,0.01137372370188435,0.09532183343703819,0.9459747019268218,0.04565478982387319,0.7512500286102295,0.9881250262260437
62,380925,1037.6800637672743,63,0.9613401448497405,0.02515881384467039,0.8224999904632568,0.9893749952316284,61.85576923076923,40.25410114539472,17.0,284.0,1.494139090180397,0.5813598036766052,-0.05750666388000051,0.011071726446971297,0.11533944046001442,0.9613401448497405,0.02515881384467039,0.8224999904632568,0.9893749952316284
63,387069,1106.8596647173274,68,0.9649671059951448,0.022982287965190893,0.8143749833106995,0.9912499785423279,56.05263157894737,36.77166197840043,14.0,297.0,1.4448668956756592,0.650276725490888,-0.05639207984010378,0.008571654732804745,0.0979908627274975,0.9649671059951448,0.022982287965190893,0.8143749833106995,0.9912499785423279
64,393213,1093.9317009557649,74,0.9708701890248519,0.015190795014947026,0.9181249737739563,0.9893749952316284,46.60769230769231,24.305268866535013,17.0,131.0,1.4290761003891628,0.6780421137809753,-0.03390113318649431,0.007465406670235097,0.07713570596870936,0.9708701890248519,0.015190795014947026,0.9181249737739563,0.9893749952316284
65,399357,1073.2724014834012,80,0.968904999256134,0.02349689647601395,0.7837499976158142,0.9906250238418579,49.752,37.59503286339832,15.0,346.0,1.405343194802602,0.713299331565698,-0.023300211372164387,0.005546552691763888,0.07913503207742228,0.968904999256134,0.02349689647601395,0.7837499976158142,0.9906250238418579
66,405501,1055.348982076008,85,0.9721790523947896,0.014844261989905237,0.9049999713897705,0.9912499785423279,44.513513513513516,23.75081406470742,14.0,152.0,1.3622590154409409,0.7519749974211057,-0.02022361398364107,0.004446670626445363,0.06152378675766318,0.9721790523947896,0.014844261989905237,0.9049999713897705,0.9912499785423279
67,411645,975.4335280896903,92,0.9720958623670994,0.012232377494978453,0.9193750023841858,0.9912499785423279,44.64661654135338,19.571805518627414,14.0,129.0,1.3928429087003071,0.7476072907447815,-0.002617489872742832,0.0041604574750332786,0.06636506554435305,0.9720958623670994,0.012232377494978453,0.9193750023841858,0.9912499785423279
68,417789,1067.260705489133,97,0.9717617756214695,0.014633824956905411,0.9243749976158142,0.9900000095367432,45.18115942028985,23.414115495846648,16.0,121.0,1.4056016405423482,0.7589238360524178,-0.0008812318604517108,0.003703642578329891,0.05593681843834888,0.9717617756214695,0.014633824956905411,0.9243749976158142,0.9900000095367432
69,423932,915.2836476032385,7,0.9746279740144336,0.010119320351854649,0.9381250143051147,0.9881250262260437,40.595238095238095,16.19091385963057,19.0,99.0,1.4140328019857407,0.7536836986740431,-0.004960957264605288,0.0033416903752367944,0.05209667733725957,0.9746279740144336,0.010119320351854649,0.9381250143051147,0.9881250262260437
70,430076,1107.4150392404786,12,0.9737166029806356,0.011021132215617145,0.9262499809265137,0.9893749952316284,42.05343511450382,17.63381249650286,17.0,118.0,1.4270075062910716,0.7536872327327728,0.004926515034943198,0.003790166238710905,0.06246524952354641,0.9737166029806356,0.011021132215617145,0.9262499809265137,0.9893749952316284
71,436220,1132.6415937377496,18,0.9695740748334813,0.01681593726977289,0.8887500166893005,0.9918749928474426,48.681481481481484,26.905500429480366,13.0,178.0,1.4350387702385585,0.7647135704755783,0.0012252031616905394,0.0032772541356583438,0.05713200299627743,0.9695740748334813,0.01681593726977289,0.8887500166893005,0.9918749928474426
72,442364,1088.3673497951872,23,0.9701033464566929,0.011968977781114713,0.9393749833106995,0.9900000095367432,47.83464566929134,19.15036389922852,16.0,97.0,1.486020157734553,0.7500794033209482,0.013087240940270325,0.003338660695590079,0.05783386293196913,0.9701033464566929,0.011968977781114713,0.9393749833106995,0.9900000095367432
73,448508,1191.5753169189077,28,0.9730440644051531,0.01639254213108553,0.8399999737739563,0.9925000071525574,43.1294964028777,26.228062990537417,12.0,256.0,1.4340369800726573,0.7541184648871422,-0.006230656785191968,0.0036338963351833322,0.05777754192145446,0.9730440644051531,0.01639254213108553,0.8399999737739563,0.9925000071525574
74,454652,1105.9007259218538,34,0.9720937516008105,0.013288296834620385,0.8956249952316284,0.9931250214576721,44.65,21.261274320093932,11.0,167.0,1.4555147091547649,0.7535634661714236,-0.00441616303093421,0.003637281925572703,0.05620984190530115,0.9720937516008105,0.013288296834620385,0.8956249952316284,0.9931250214576721
75,460796,1139.1341522578214,39,0.9724865109800435,0.012150570506363747,0.9268749952316284,0.9900000095367432,44.02158273381295,19.44091495977931,16.0,117.0,1.3964197138945262,0.7524048909544945,-0.010965649901966875,0.003354980183454851,0.056454518806485804,0.9724865109800435,0.012150570506363747,0.9268749952316284,0.9900000095367432
76,466940,1135.91824993733,45,0.9738261183867087,0.011331025730440142,0.9381250143051147,0.9918749928474426,41.87820512820513,18.129641032241164,13.0,99.0,1.397494633992513,0.7687799409031868,-0.012312920376037558,0.0030453416305438927,0.050797786619040185,0.9738261183867087,0.011331025730440142,0.9381250143051147,0.9918749928474426
77,473084,1178.5031960682968,50,0.9745205522400059,0.010506502103494972,0.9212499856948853,0.9906250238418579,40.76712328767123,16.810401662461643,15.0,126.0,1.445941721399625,0.774091807504495,0.001997929546632804,0.003061654705864688,0.050922004555791316,0.9745205522400059,0.010506502103494972,0.9212499856948853,0.9906250238418579
78,479228,1177.7115759189649,55,0.972954928064022,0.011459584138760656,0.9318749904632568,0.9925000071525574,43.27210884353742,18.335333653321648,12.0,109.0,1.4563043067852657,0.771990622083346,0.0031852342314474904,0.003072275809245184,0.049371985729533614,0.972954928064022,0.011459584138760656,0.9318749904632568,0.9925000071525574
79,485372,1166.8435408469663,60,0.9730652544428321,0.00908809758204992,0.9412500262260437,0.9893749952316284,43.095588235294116,14.54095568733493,17.0,94.0,1.4490502029657364,0.7857598041494688,0.0081568776028386,0.0025081958641142896,0.0484167643827173,0.9730652544428321,0.00908809758204992,0.9412500262260437,0.9893749952316284
80,491516,1018.5801894328516,66,0.9728802450886973,0.010631303999914543,0.925000011920929,0.987500011920929,43.39160839160839,17.010089546034884,20.0,120.0,1.44605652987957,0.7722159201900164,0.004681717393395957,0.002473951783031225,0.04538474165928028,0.9728802450886973,0.010631303999914543,0.925000011920929,0.987500011920929
81,497660,1114.378374339195,72,0.9730779095871808,0.013732492813263617,0.8849999904632568,0.9918749928474426,43.07534246575342,21.971988897584897,13.0,184.0,1.4171498616536458,0.7740341201424599,0.002770168552766942,0.00262789917178452,0.04942430104329231,0.9730779095871808,0.013732492813263617,0.8849999904632568,0.9918749928474426
82,503804,1104.949464191904,78,0.9726757849566638,0.012581020850820853,0.9243749976158142,0.9906250238418579,43.71875,20.129633589250947,15.0,121.0,1.4237816631793976,0.7519047732154528,0.006043985321108873,0.003233331624263277,0.05617531576815384,0.9726757849566638,0.012581020850820853,0.9243749976158142,0.9906250238418579
83,509948,1106.7865505297864,83,0.9702128629753555,0.017949000833260925,0.8506249785423279,0.9912499785423279,47.65942028985507,28.718396966084605,14.0,239.0,1.4450696508089702,0.7542576914032301,0.0015460342110600322,0.0036834773588149496,0.05669116693011487,0.9702128629753555,0.017949000833260925,0.8506249785423279,0.9912499785423279
84,516092,1109.6972159693923,89,0.9715447154471545,0.012580363094772102,0.9206249713897705,0.9912499785423279,45.52845528455285,20.12858066040604,14.0,127.0,1.4960750689109166,0.7503227268656095,0.012702964653726667,0.0038896137848496437,0.05893369304224339,0.9715447154471545,0.012580363094772102,0.9206249713897705,0.9912499785423279
85,522236,1008.0614539595817,95,0.9684570305980742,0.016629237542509886,0.8962500095367432,0.9893749952316284,50.46875,26.606782940398865,17.0,166.0,1.4741459836562474,0.7443918759624163,0.004372729642151778,0.0035414679732639343,0.056248063764433864,0.9684570305980742,0.016629237542509886,0.8962500095367432,0.9893749952316284
86,528379,975.1721171458171,6,0.9714734645353423,0.01441751675523367,0.9201815724372864,0.9886871576309204,45.388888888888886,22.939870407676406,18.0,127.0,1.5699877887964249,0.6593077977498373,0.028261413021634024,0.0039888000367985415,0.06490242695174077,0.9714734645353423,0.01441751675523367,0.9201815724372864,0.9886871576309204
87,534523,1137.6844292771652,12,0.9577579673598794,0.032966991956115126,0.8447625637054443,0.9893156290054321,67.21176470588236,52.454146725025645,17.0,247.0,1.5621268351872761,0.6638593648870786,0.02358604990877211,0.005286383966449648,0.06521299355795004,0.9577579673598794,0.032966991956115126,0.8447625637054443,0.9893156290054321
88,540667,1130.0195768941203,17,0.9534766574700674,0.04382176981103206,0.7731145024299622,0.9912011027336121,74.02380952380952,69.72530731897582,14.0,361.0,1.5618179043134053,0.6325648128986359,0.014906355955948433,0.005528178745104621,0.06664159394641492,0.9534766574700674,0.04382176981103206,0.7731145024299622,0.9912011027336121
89,546811,1147.367487329329,22,0.9533086411560638,0.03992328087758197,0.7888268232345581,0.9874301552772522,74.29113924050633,63.52237757776792,20.0,336.0,1.5687942802906036,0.63560168693463,0.008137455866138529,0.005643514761080344,0.06907609737699759,0.9533086411560638,0.03992328087758197,0.7888268232345581,0.9874301552772522
90,552955,1068.5412781219338,28,0.9528398521152543,0.04699730497672393,0.6744413375854492,0.9886871576309204,75.03703703703704,74.77793370372459,18.0,518.0,1.5831087976694107,0.6412706697980562,0.019571687599333625,0.006251985575848569,0.07421188893197564,0.9528398521152543,0.04699730497672393,0.6744413375854492,0.9886871576309204
91,559099,1189.1438222031409,33,0.9477465626520988,0.04765887954926687,0.7121508121490479,0.9886871576309204,83.14102564102564,75.8305676067603,18.0,458.0,1.5914885451396306,0.6193982114394506,0.016074798089296866,0.006368217834581931,0.06426243821256888,0.9477465626520988,0.04765887954926687,0.7121508121490479,0.9886871576309204
92,565243,1143.9183045234922,39,0.9488713572154174,0.04716205404842162,0.6511871218681335,0.9893156290054321,81.35135135135135,75.04006721320977,17.0,555.0,1.6131062010924022,0.6202783932288488,0.011383409786503762,0.0063444238427716,0.06360085369246328,0.9488713572154174,0.04716205404842162,0.6511871218681335,0.9893156290054321
93,571387,1131.057552833672,44,0.9512166599152794,0.03597154335403637,0.8164804577827454,0.9899441599845886,77.61971830985915,57.23471964039849,16.0,292.0,1.6156116773684819,0.5887450948357582,0.01471063370020905,0.005999397214812537,0.06481741313661013,0.9512166599152794,0.03597154335403637,0.8164804577827454,0.9899441599845886
94,577531,1163.615457789539,49,0.9512239533501703,0.039329555953222274,0.7530028223991394,0.9899441599845886,77.60810810810811,62.5776960455296,16.0,393.0,1.6018743862708409,0.5868176395694414,0.001958460413637416,0.007029269550306101,0.06723612530221074,0.9512239533501703,0.039329555953222274,0.7530028223991394,0.9899441599845886
95,583675,1035.3406925979768,55,0.9424495018445529,0.06947114350561208,0.5631983280181885,0.9899441599845886,91.56923076923077,110.53631066907997,16.0,695.0,1.6176990121603012,0.5697821378707886,0.009772978752152994,0.007982301506369064,0.08604030274529262,0.9424495018445529,0.06947114350561208,0.5631983280181885,0.9899441599845886
96,589819,1053.4745537967806,61,0.9442576276950347,0.06350208280625512,0.5663408041000366,0.9924581050872803,88.6923076923077,101.03887392183519,12.0,690.0,1.5941169708967209,0.5616499384244283,-0.005665170407155529,0.008699589098493258,0.07516201038154179,0.9442576276950347,0.06350208280625512,0.5663408041000366,0.9924581050872803
97,595963,1090.2479047154152,67,0.9469307791895982,0.053486862245878175,0.7341480255126953,0.9893156290054321,84.4390243902439,85.10353773864838,17.0,423.0,1.536367838581403,0.5696787536144257,-0.015024007705505937,0.00952044096387302,0.08095321248966095,0.9469307791895982,0.053486862245878175,0.7341480255126953,0.9893156290054321
98,602107,1096.036298344628,72,0.9587998293541573,0.02965599514753901,0.8064245581626892,0.9924581050872803,65.55405405405405,47.18598678028796,12.0,308.0,1.5503748605648677,0.5737744892636935,-0.008548334313672967,0.009359728428535163,0.0822405824526613,0.9587998293541573,0.02965599514753901,0.8064245581626892,0.9924581050872803
99,608251,1116.0989897689715,78,0.9587988807095422,0.0412143433465262,0.6920391321182251,0.9880586862564087,65.55555555555556,65.57660678949995,19.0,490.0,1.5050284067789714,0.5826829820871353,-0.013741792878136039,0.009900079147579769,0.07516639018288566,0.9587988807095422,0.0412143433465262,0.6920391321182251,0.9880586862564087
100,614395,1115.3041923811809,83,0.9522619597289873,0.0509349611143159,0.6499301791191101,0.9893156290054321,75.95652173913044,81.0431866947545,17.0,557.0,1.5213251461585362,0.5939254388213158,-0.018149951899734635,0.00908706725264589,0.07859185444400703,0.9522619597289873,0.0509349611143159,0.6499301791191101,0.9893156290054321
101,620539,1019.7109924732331,90,0.9589132201540601,0.046648316257954965,0.618505597114563,0.9905726313591003,65.37362637362638,74.22266002021072,15.0,607.0,1.4963333954413731,0.6020524874329567,-0.017149529866098117,0.00814397813519463,0.07395180792974504,0.9589132201540601,0.046648316257954965,0.618505597114563,0.9905726313591003
102,626683,1053.6685167951011,95,0.9598981782954227,0.04384415381864778,0.6279329657554626,0.9893156290054321,63.806451612903224,69.76092168926547,17.0,592.0,1.4972380300362904,0.6049184401830038,-0.01373422212539784,0.008380960285042724,0.08458546293239137,0.9598981782954227,0.04384415381864778,0.6279329657554626,0.9893156290054321
103,632826,1109.7634986833248,5,0.9712355732917786,0.01259672019321386,0.9194126129150391,0.9883953928947449,44.61682242990654,19.53891150500059,18.0,125.0,1.4214091797669728,0.6761316607395808,-0.036155107198283076,0.006928685664509733,0.0834883553833025,0.9712355732917786,0.01259672019321386,0.9194126129150391,0.9883953928947449
104,638970,1256.8781939678752,10,0.968152911682439,0.016999335268024614,0.8936246633529663,0.9916189312934875,49.39837398373984,26.367860406121718,13.0,165.0,1.3985653271277745,0.7051164905230204,-0.02631907258182764,0.00528406782541424,0.0611571331482168,0.968152911682439,0.016999335268024614,0.8936246633529663,0.9916189312934875
105,645114,1255.4026704766504,15,0.9710638331670831,0.013070206030854256,0.9161891341209412,0.9896848201751709,44.88321167883212,20.273338607596376,16.0,130.0,1.364811360836029,0.7398045336206754,-0.020580277700598042,0.00434724294852155,0.049947047734052695,0.9710638331670831,0.013070206030854256,0.9161891341209412,0.9896848201751709
106,651258,1313.59877555554,20,0.9715147281394285,0.015082138442189997,0.9065186381340027,0.9896848201751709,44.18382352941177,23.39406731162033,16.0,145.0,1.3913425654172897,0.7466764077544212,-0.003192686041681251,0.0038547843190220497,0.05922464312189801,0.9715147281394285,0.015082138442189997,0.9065186381340027,0.9896848201751709
107,657402,1247.4752001784527,25,0.9700951720987048,0.018150408139795245,0.8820200562477112,0.9903295040130615,46.385714285714286,28.153301180269047,15.0,183.0,1.4079912453889847,0.7473516340057055,-0.006922666424846587,0.0036542598390951753,0.05234870056967391,0.9700951720987048,0.018150408139795245,0.8820200562477112,0.9903295040130615
108,663546,1299.443392068252,29,0.9687690029617484,0.01713751687197427,0.8710601925849915,0.9922636151313782,48.44274809160305,26.582195816612394,12.0,200.0,1.459555372595787,0.757797122001648,0.0065106544401108595,0.00367897268733941,0.05321469406255932,0.9687690029617484,0.01713751687197427,0.8710601925849915,0.9922636151313782
109,669690,1264.5634470466036,34,0.9680816355560508,0.015436760090253377,0.8845988512039185,0.9883953928947449,49.50892857142857,23.944129736786024,18.0,179.0,1.4877258837223053,0.7360035503904024,0.012807709882811954,0.0039382962956248475,0.049458189703654544,0.9680816355560508,0.015436760090253377,0.8845988512039185,0.9883953928947449
110,675834,1233.6515404293714,39,0.9662474319998142,0.015307855335919718,0.9052292108535767,0.9877507090568542,52.35398230088496,23.744182465510136,19.0,147.0,1.5005842993656795,0.7254041855533918,0.010354356995473305,0.003742054735387986,0.05049089945190527,0.9662474319998142,0.015307855335919718,0.9052292108535767,0.9877507090568542
111,681978,1202.2536748444022,44,0.9670652441489391,0.02273559525531448,0.7891833782196045,0.9903295040130615,51.085470085470085,35.26543370671357,15.0,327.0,1.4801376312971115,0.710104708870252,0.002915350691182539,0.004178082386109357,0.04901872333572749,0.9670652441489391,0.02273559525531448,0.7891833782196045,0.9903295040130615
112,688122,1246.2593208284743,49,0.96379044044365,0.0181694664727534,0.8787965774536133,0.9896848201751709,56.16504854368932,28.182862343133504,16.0,188.0,1.5238155076901119,0.6998189116517702,0.007806698296917602,0.00425459992644998,0.05698870119370201,0.96379044044365,0.0181694664727534,0.8787965774536133,0.9896848201751709
113,694266,1269.0250576002402,54,0.9638909892602401,0.03393531042292577,0.6473495960235596,0.9890401363372803,56.00909090909091,52.637438362399166,17.0,547.0,1.4942542711893718,0.6983236869176229,-0.0008141370174901871,0.004457162169273943,0.055791059378094844,0.9638909892602401,0.03393531042292577,0.6473495960235596,0.9890401363372803
114,700410,1243.7014524294568,59,0.9625962407692619,0.029755440248055712,0.7330945730209351,0.9909741878509521,58.017391304347825,46.15399226383736,14.0,414.0,1.4628646125396092,0.7058308521906534,-0.002744145596807357,0.004461254080524668,0.05369531672247981,0.9625962407692619,0.029755440248055712,0.7330945730209351,0.9909741878509521
115,706554,1274.3351920702814,64,0.9640062179948602,0.02041971333640656,0.8510745167732239,0.9916189312934875,55.830357142857146,31.673244790938845,13.0,231.0,1.4705810596545537,0.7110600719849268,0.0021191065510114035,0.004422882358388354,0.05233736683199213,0.9640062179948602,0.02041971333640656,0.8510745167732239,0.9916189312934875
116,712698,1171.6358564402794,69,0.9660151420521135,0.01871805465520096,0.8787965774536133,0.9890401363372803,52.714285714285715,29.03378005278785,17.0,188.0,1.4769585678974788,0.7211728071173032,-0.0036202630702367364,0.004270887982177858,0.05317661644090014,0.9660151420521135,0.01871805465520096,0.8787965774536133,0.9890401363372803
117,718842,1138.4335978035883,75,0.9658754087727646,0.018810860085666355,0.8845988512039185,0.9877507090568542,52.93103448275862,29.17773245719479,19.0,179.0,1.4663236091534297,0.7159122327963511,0.0015246390054623287,0.004425561404787004,0.05739712271818478,0.9658754087727646,0.018810860085666355,0.8845988512039185,0.9877507090568542
118,724986,1143.996000733548,80,0.9662477774866696,0.018412061330006044,0.8884670734405518,0.9883953928947449,52.35344827586207,28.55915044808389,18.0,173.0,1.4447360684474309,0.7217397193113962,-0.0010631154849155184,0.0033878030565877757,0.04820426745452544,0.9662477774866696,0.018412061330006044,0.8884670734405518,0.9883953928947449
119,731130,1181.896535796809,85,0.9707536470982455,0.016495165271431786,0.8626790642738342,0.9916189312934875,45.36434108527132,25.585830012607534,13.0,213.0,1.4410038193066914,0.726457417011261,-0.004250967099020879,0.004575712819738935,0.05462469456275154,0.9707536470982455,0.016495165271431786,0.8626790642738342,0.9916189312934875
120,737273,1096.9648906838706,5,0.9783728777265256,0.01008947853732763,0.9351470470428467,0.9920588135719299,32.68098159509202,15.246323310772134,12.0,98.0,1.3718766917785008,0.7870948910713196,-0.024820893459642928,0.0033176344295497984,0.05408720497568963,0.9783728777265256,0.01008947853732763,0.9351470470428467,0.9920588135719299
121,743417,1204.3727605541503,11,0.9799232736301883,0.008670955131800469,0.9338235259056091,0.9933823347091675,30.33816425120773,13.102776285523632,10.0,100.0,1.3324900567531586,0.8193620021144549,-0.02317434549331665,0.0021245912212179974,0.04306548749194228,0.9799232736301883,0.008670955131800469,0.9338235259056091,0.9933823347091675
122,749561,1280.569418745761,15,0.9815980843994596,0.007054886478202027,0.9437500238418579,0.9933823347091675,27.807339449541285,10.660720205820635,10.0,85.0,1.3180752843618393,0.8306262567639351,-0.01755824378536393,0.001914617547299713,0.03780667283681935,0.9815980843994596,0.007054886478202027,0.9437500238418579,0.9933823347091675
123,755705,1199.3019411992254,20,0.9809879250482682,0.007352318404874965,0.9424264430999756,0.9933823347091675,28.729357798165136,11.110172235861718,10.0,87.0,1.3550050258636475,0.8416275084018707,-0.0065292936633341014,0.0014432567016532023,0.03255161004356078,0.9809879250482682,0.007352318404874965,0.9424264430999756,0.9933823347091675
124,761849,1236.9298799895284,25,0.9806596026116726,0.008309683018134258,0.9417647123336792,0.9920588135719299,29.225490196078432,12.556856468382161,12.0,88.0,1.4017424583435059,0.8333662177125613,0.006205179566071213,0.001750434593607982,0.03883195382385708,0.9806596026116726,0.008309683018134258,0.9417647123336792,0.9920588135719299
125,767993,1231.0570090743015,30,0.978937864615655,0.010113002117277238,0.9318382143974304,0.9927206039428711,31.827225130890053,15.281871412584978,11.0,103.0,1.4494238297144573,0.8300643985470136,0.00871839516912587,0.0020199708863704777,0.03894691011260098,0.978937864615655,0.010113002117277238,0.9318382143974304,0.9927206039428711
126,774137,1267.2140451462087,35,0.977635360238227,0.00905370543622428,0.941102921962738,0.9940441250801086,33.79545454545455,13.681157489333055,9.0,89.0,1.471124882499377,0.8108908558885256,0.00810971052851528,0.002163254733507832,0.037617020740146175,0.977635360238227,0.00905370543622428,0.941102921962738,0.9940441250801086
127,780281,1255.9416447151382,40,0.976598629321175,0.014147462546490583,0.8769117593765259,0.9933823347091675,35.36206896551724,21.378390321323916,10.0,186.0,1.4653557191292446,0.8042811453342438,0.006986090127611533,0.0026426451028479883,0.04436171973549532,0.976598629321175,0.014147462546490583,0.8769117593765259,0.9933823347091675
128,786425,1221.120946198243,45,0.9778272473550105,0.01007342763613355,0.9152941107749939,0.9927206039428711,33.505494505494504,15.222073060918735,11.0,128.0,1.446133683125178,0.8073520536224047,-0.0006919507432030514,0.0021976693145309887,0.04314894059848826,0.9778272473550105,0.01007342763613355,0.9152941107749939,0.9927206039428711
129,792569,1161.3660191179338,51,0.9775545416952489,0.010465921210187811,0.9364705681800842,0.9927206039428711,33.917582417582416,15.815169331008825,11.0,96.0,1.4930364787578583,0.8107420230905215,0.003324833440274233,0.0024081632921782634,0.03817617221361133,0.9775545416952489,0.010465921210187811,0.9364705681800842,0.9927206039428711
130,798713,1210.5748665926474,56,0.9760485060965818,0.012017748798254997,0.923235297203064,0.9927206039428711,36.193370165745854,18.16015796354116,11.0,116.0,1.4584080874919891,0.8066562165816625,0.0018861891148844734,0.0021250544814392924,0.037131348992505,0.9760485060965818,0.012017748798254997,0.923235297203064,0.9927206039428711
131,804857,1270.1537413286826,60,0.9778496839783408,0.009269519957332129,0.9325000047683716,0.9913970828056335,33.47159090909091,14.00727448071534,13.0,102.0,1.4531384805838268,0.8040637945135435,-0.003004385259070356,0.002291298131846512,0.03996158899543387,0.9778496839783408,0.009269519957332129,0.9325000047683716,0.9913970828056335
132,811001,1252.6936534031308,65,0.9773109252112252,0.010811322528055528,0.931176483631134,0.994705855846405,34.285714285714285,16.337111877250397,8.0,104.0,1.4297892550627391,0.8159279078245163,0.00972731883424179,0.0024245762227413556,0.04347192417272728,0.9773109252112252,0.010811322528055528,0.931176483631134,0.994705855846405
133,817145,1240.9930416214995,70,0.978933268156483,0.010965754392093694,0.9133087992668152,0.9920588135719299,31.834170854271356,16.570471957534338,12.0,131.0,1.4318089336156845,0.8178607275088629,-0.0022613824354872727,0.0021993430079116174,0.03830302318872703,0.978933268156483,0.010965754392093694,0.9133087992668152,0.9920588135719299
134,823289,1189.042919562318,75,0.9783168649300933,0.012093288993329234,0.9100000262260437,0.9933823347091675,32.765625,18.274306462700803,10.0,136.0,1.425396074851354,0.8170523643493652,0.0009999206886277534,0.0021206820965744555,0.03958086713727691,0.9783168649300933,0.012093288993329234,0.9100000262260437,0.9933823347091675
135,829433,1154.6096753801605,81,0.9785528067838062,0.009948072966876872,0.9199264645576477,0.9913970828056335,32.40909090909091,15.032643543330176,13.0,121.0,1.432616005341212,0.8097891012827555,-4.8122967806799956e-05,0.002231078013816538,0.03800327206681906,0.9785528067838062,0.009948072966876872,0.9199264645576477,0.9913970828056335
136,835577,1184.3145636964794,86,0.9788887265867787,0.01111835421623821,0.9199264645576477,0.9940441250801086,31.901477832512317,16.801071622614668,9.0,121.0,1.4148412843545277,0.8157006502151489,-0.007761969725834206,0.001989625903661363,0.03635518132433587,0.9788887265867787,0.01111835421623821,0.9199264645576477,0.9940441250801086
137,841720,1142.5177761513537,5,0.9751038538182483,0.008445215196961156,0.9381420016288757,0.9911631345748901,36.625,12.423848922891148,13.0,91.0,1.48110427459081,0.7990748311082522,0.008798261852158854,0.0020106428031188748,0.041836597625777794,0.9751038538182483,0.008445215196961156,0.9381420016288757,0.9911631345748901
138,847864,1202.656924869165,10,0.971117403540578,0.009729127990346023,0.9367824792861938,0.9898036122322083,42.48951048951049,14.312626892767389,15.0,93.0,1.492677370707194,0.7820614626010259,0.015587588966203233,0.0020968670626947037,0.03705425316331074,0.971117403540578,0.009729127990346023,0.9367824792861938,0.9898036122322083
139,854008,1270.518952323179,15,0.970178661157759,0.01092457195660029,0.9238670468330383,0.9904834032058716,43.8705035971223,16.071259718983544,14.0,112.0,1.4951504667599995,0.7733085379004478,0.008761687475877503,0.002358215240140756,0.03900616726904486,0.970178661157759,0.01092457195660029,0.9238670468330383,0.9904834032058716
140,860152,1318.2634320658947,20,0.9678693756343811,0.013609194921302279,0.9136707186698914,0.9918429255485535,47.267716535433074,20.02063849261385,12.0,127.0,1.5318494141101837,0.7494031190872192,0.014882802730426192,0.0031148819640899696,0.046570806003184105,0.9678693756343811,0.013609194921302279,0.9136707186698914,0.9918429255485535
141,866296,1224.475061168388,25,0.9667211411328152,0.01617205753703479,0.8864803910255432,0.9857251048088074,48.956896551724135,23.790896636789498,21.0,167.0,1.5629157920678456,0.740562841296196,0.009110376030245485,0.0031660505337640643,0.04431921593615038,0.9667211411328152,0.01617205753703479,0.8864803910255432,0.9857251048088074
142,872440,1271.48515560615,30,0.9653219494200845,0.026250444129052964,0.7410120964050293,0.9911631345748901,51.01526717557252,38.61732094328935,13.0,381.0,1.5503357350826263,0.7580008680621783,0.00732541031902656,0.0032193447987083346,0.0434676151681808,0.9653219494200845,0.026250444129052964,0.7410120964050293,0.9911631345748901
143,878584,1280.3839499743176,34,0.9650270125623477,0.013174049417239502,0.9231873154640198,0.9864048361778259,51.44915254237288,19.380488815802423,20.0,113.0,1.557842920223872,0.7399425233403841,0.009842124719095105,0.0030703153946281723,0.04247228473497944,0.9650270125623477,0.013174049417239502,0.9231873154640198,0.9864048361778259
144,884728,1216.1137849458407,40,0.9669927197401641,0.01526972668709966,0.8973565101623535,0.9898036122322083,48.557377049180324,22.463467310545187,15.0,151.0,1.5353329926729202,0.7294426982601484,0.0055874552053865045,0.003272897854913026,0.04235222872187594,0.9669927197401641,0.01526972668709966,0.8973565101623535,0.9898036122322083
145,890872,1240.6059024790643,44,0.9679214025244993,0.01757337617455337,0.8891993761062622,0.9870845675468445,47.19117647058823,25.852384889952994,19.0,163.0,1.4623174120982487,0.7535088062286377,-0.00874011557122382,0.003227477010417109,0.043344616071940144,0.9679214025244993,0.01757337617455337,0.8891993761062622,0.9870845675468445
146,897016,1205.2333894002634,50,0.9702861766292624,0.011744951960518635,0.9259063601493835,0.9904834032058716,43.71232876712329,17.27812731802667,14.0,109.0,1.4661120623350143,0.7609076971809069,-0.00863368574452276,0.0030898284555102387,0.04078512839162391,0.9702861766292624,0.011744951960518635,0.9259063601493835,0.9904834032058716
147,903160,1215.0521340547004,55,0.9713171586610269,0.010876396613263777,0.9395015239715576,0.9891238808631897,42.19565217391305,16.0003888972901,16.0,89.0,1.4807360917329788,0.7583850820859274,-0.0017911281211127061,0.0029590898484457284,0.039402928414023666,0.9713171586610269,0.010876396613263777,0.9395015239715576,0.9891238808631897
148,909304,1268.1605604869458,60,0.9703218438187424,0.012852464792278502,0.8953171968460083,0.9911631345748901,43.65986394557823,18.907399335745602,13.0,154.0,1.4370116392771404,0.7685423841079077,-0.01220964133972302,0.002853100566426292,0.04148638743278218,0.9703218438187424,0.012852464792278502,0.8953171968460083,0.9911631345748901
149,915448,1255.1556398025596,64,0.971759558546132,0.01338492227193024,0.8858006000518799,0.9911631345748901,41.5448275862069,19.69070472472939,13.0,168.0,1.4570845713218052,0.7802146772543589,0.002444999382229677,0.0025317481971190623,0.040595694987728116,0.971759558546132,0.01338492227193024,0.8858006000518799,0.9911631345748901
150,921592,1260.5198828592936,69,0.9720762434758639,0.010333059107625187,0.9299848675727844,0.9904834032058716,41.078947368421055,15.201076102744846,14.0,103.0,1.4670142829418182,0.7791358456015587,0.003472636492612461,0.0023184143065009266,0.038630298126903294,0.9720762434758639,0.010333059107625187,0.9299848675727844,0.9904834032058716
151,927736,1226.999887012305,74,0.9717900315920512,0.011090066959014343,0.9299848675727844,0.9904834032058716,41.5,16.31471728225776,14.0,103.0,1.4396706024805705,0.7760781149069468,-0.005305725057648185,0.0024961248273029923,0.041432558513229495,0.9717900315920512,0.011090066959014343,0.9299848675727844,0.9904834032058716
152,933880,1274.5834005046042,79,0.9705167506168138,0.010788808213559866,0.9218277931213379,0.9864048361778259,43.37313432835821,15.871532594315006,20.0,115.0,1.470111091931661,0.7593953063090643,0.00446477751150572,0.0026756420944972583,0.039570693625898934,0.9705167506168138,0.010788808213559866,0.9218277931213379,0.9864048361778259
153,940024,1167.5351788231699,84,0.9714413808238122,0.014065493831074834,0.9041540622711182,0.9891238808631897,42.012903225806454,20.69189870979561,16.0,141.0,1.4449789424737294,0.7754098822673162,-0.00801901621404492,0.002682894807852184,0.03895039739407725,0.9714413808238122,0.014065493831074834,0.9041540622711182,0.9891238808631897
154,946167,1076.7218311212666,6,0.9716040271473682,0.010850177651687524,0.9357143044471741,0.9881210923194885,40.63779527559055,15.52781060632195,17.0,92.0,1.4618532260258992,0.7637952441970507,-0.0009108313364170802,0.0025450949906371534,0.036897337878837734,0.9716040271473682,0.010850177651687524,0.9357143044471741,0.9881210923194885
155,952311,1035.1673063636922,11,0.9728738646476697,0.010091124800273193,0.9259316921234131,0.9909161329269409,38.82051282051282,14.441520970526039,13.0,106.0,1.4233341614405315,0.7790608555078506,-0.0064461415507442625,0.0023466438869945705,0.033607562365500776,0.9728738646476697,0.010091124800273193,0.9259316921234131,0.9909161329269409
156,958455,1052.6347860089925,17,0.9728008542209864,0.011336400228924378,0.9105589985847473,0.9923136830329895,38.925,16.22365171593621,11.0,128.0,1.4103603959083557,0.7814924096067747,-0.00918706419179216,0.0022752565273549408,0.03456945156944564,0.9728008542209864,0.011336400228924378,0.9105589985847473,0.9923136830329895
157,964599,1073.7286260856376,23,0.9730088551592383,0.010044713921280686,0.9252329468727112,0.9909161329269409,38.62732919254658,14.375107831419012,13.0,107.0,1.450601488351822,0.7900341525673866,-0.0025075860394281335,0.0021904008996595317,0.03585544027045996,0.9730088551592383,0.010044713921280686,0.9252329468727112,0.9909161329269409
158,970743,1071.8909809108363,29,0.9716651383662384,0.01151437426439162,0.926630437374115,0.9916148781776428,40.5503355704698,16.47835115945683,12.0,105.0,1.4480739285548527,0.7840110709269842,0.00414360955862018,0.002170701821645101,0.03799636048402566,0.9716651383662384,0.01151437426439162,0.926630437374115,0.9916148781776428
159,976887,1093.1474689646834,34,0.9723273997123425,0.012342184602133353,0.9021739363670349,0.9888198971748352,39.6025641025641,17.663042499763595,16.0,140.0,1.444302702943484,0.7869478613138199,0.0016430610897562776,0.0021876731916563585,0.03413130330171791,0.9723273997123425,0.012342184602133353,0.9021739363670349,0.9888198971748352
160,983031,1044.5835367760048,40,0.9708686886538922,0.012282252510851044,0.926630437374115,0.9909161329269409,41.690140845070424,17.577267288525693,13.0,105.0,1.4728910624980927,0.7713932742675146,0.0039879790698857205,0.002605040897227203,0.04066367567657891,0.9708686886538922,0.012282252510851044,0.926630437374115,0.9909161329269409
161,989175,1110.2656789061357,46,0.9707783394389682,0.012851429713078887,0.9077639579772949,0.9909161329269409,41.81944444444444,18.39182063739272,13.0,132.0,1.4613207777341206,0.7816183889905611,0.004604184049336861,0.0023535283689852804,0.04058904288837017,0.9707783394389682,0.012851429713078887,0.9077639579772949,0.9909161329269409
162,995319,1079.9174217695074,52,0.9703895537645225,0.011443015558860152,0.9315217137336731,0.9909161329269409,42.375838926174495,16.376229503538923,13.0,98.0,1.4632116556167603,0.7742464169859886,0.0037096404291029708,0.002301674302240523,0.036223783481608963,0.9703895537645225,0.011443015558860152,0.9315217137336731,0.9909161329269409
163,1001463,1091.854461174618,57,0.970360231726137,0.009934496809824316,0.9322205185890198,0.9874223470687866,42.417808219178085,14.217371609058738,18.0,97.0,1.4788782248894374,0.7738842765490214,0.0021064092143205926,0.0027079597057309,0.036652107635987606,0.970360231726137,0.009934496809824316,0.9322205185890198,0.9874223470687866
164,1007607,1072.9915793461248,63,0.9697204966475998,0.014810312795289327,0.8812111616134644,0.9881210923194885,43.333333333333336,21.19520499961832,17.0,170.0,1.4453160812457402,0.7604452123244604,0.0003552735288394615,0.0027183352212887257,0.0405850672164664,0.9697204966475998,0.014810312795289327,0.8812111616134644,0.9881210923194885
165,1013751,1113.2573577713256,68,0.9706337859756068,0.012732713839196037,0.9105589985847473,0.990217387676239,42.026315789473685,18.221931323639513,14.0,128.0,1.379606564839681,0.7706749215722084,-0.015984322293661535,0.0027991397510049865,0.037795874119014104,0.9706337859756068,0.012732713839196037,0.9105589985847473,0.990217387676239
166,1019895,1067.0665226012372,74,0.9741587468036791,0.009218369286447486,0.9315217137336731,0.9909161329269409,36.98170731707317,13.192511068958048,13.0,98.0,1.375970979531606,0.7879217192530632,-0.011163360982512435,0.002283878071466461,0.03461324839567969,0.9741587468036791,0.009218369286447486,0.9315217137336731,0.9909161329269409
167,1026039,1070.3669125261836,80,0.9733221214494587,0.009731607758309327,0.9385093450546265,0.9909161329269409,38.17901234567901,13.927016254050553,13.0,88.0,1.384915605187416,0.7882398093740145,-0.005046824939199723,0.0022177289065439254,0.03673846751936524,0.9733221214494587,0.009731607758309327,0.9385093450546265,0.9909161329269409
168,1032183,1056.0113494423895,86,0.9742714880469316,0.008944969274002961,0.9385093450546265,0.9888198971748352,36.82035928143713,12.801246846655237,16.0,88.0,1.4090787221988041,0.7917262588938078,-0.004938939794859228,0.002315125006134622,0.03690546267457138,0.9742714880469316,0.008944969274002961,0.9385093450546265,0.9888198971748352
169,1038327,1075.1645354715627,92,0.973351722548467,0.010785391121581325,0.9210403561592102,0.990217387676239,38.13664596273292,15.43509628885049,14.0,113.0,1.3951373249292374,0.7968456695477167,-0.001214173402937983,0.0022331842677279687,0.03634304015227393,0.973351722548467,0.010785391121581325,0.9210403561592102,0.990217387676239
170,1044471,1085.6648212471068,97,0.9726599967932399,0.011388727450451155,0.9273291826248169,0.9888198971748352,39.12658227848101,16.298533822858907,16.0,104.0,1.4194009552399318,0.7893520891666412,0.0017737495290930383,0.002440702412665511,0.036561222586847276,0.9726599967932399,0.011388727450451155,0.9273291826248169,0.9888198971748352
171,1050614,959.7552518322731,6,0.9648863000028274,0.01615301225805074,0.920207679271698,0.9863418340682983,48.84705882352941,22.47063751149509,19.0,111.0,1.5363220671812694,0.7307305037975311,0.029314765939489007,0.0028746601019520313,0.05226517337482515,0.9648863000028274,0.01615301225805074,0.920207679271698,0.9863418340682983
172,1056758,961.0546790573179,13,0.9575649208210885,0.02354934168792553,0.8483226895332336,0.9863418340682983,59.03191489361702,32.75974830640705,19.0,211.0,1.5765305757522583,0.7006959716478983,0.0314026006963104,0.003489026140111188,0.05352931307751549,0.9575649208210885,0.02354934168792553,0.8483226895332336,0.9863418340682983
173,1062902,944.5045224591654,19,0.9442599979606835,0.037114196843698356,0.8332268595695496,0.9877795577049255,77.54054054054055,51.62996960942335,17.0,232.0,1.6298909733692806,0.6562634507815043,0.036396210392316185,0.0044869177509099245,0.05872833013864354,0.9442599979606835,0.037114196843698356,0.8332268595695496,0.9877795577049255
174,1069046,1000.9934955902929,25,0.9428732214551984,0.04162510974504008,0.7613418698310852,0.9870607256889343,79.46969696969697,57.90515225335247,18.0,332.0,1.6272305597861607,0.6259954596559206,0.02929581740560631,0.004614756733644754,0.05239534846458609,0.9428732214551984,0.04162510974504008,0.7613418698310852,0.9870607256889343
175,1075190,997.6012781471744,31,0.9366883574163213,0.0551720243777032,0.6772364377975464,0.9856230020523071,88.07352941176471,76.75041984488932,20.0,449.0,1.6389529407024384,0.6082744722565016,0.021214349699827533,0.006081207364331931,0.058941998272477654,0.9366883574163213,0.0551720243777032,0.6772364377975464,0.9856230020523071
176,1081334,998.9237658371518,38,0.9468909421963478,0.04340842947861402,0.7383386492729187,0.9870607256889343,73.88059701492537,60.385953291038255,18.0,364.0,1.6309688935677211,0.5919359102845192,0.022184392243313294,0.006635782483499497,0.05727520590895215,0.9468909421963478,0.04340842947861402,0.7383386492729187,0.9870607256889343
177,1087478,959.2297730512821,44,0.943186899026235,0.04395557738659473,0.8015974164009094,0.9884983897209167,79.03333333333333,61.14708133309026,16.0,276.0,1.634564573566119,0.55620988458395,0.01755117349481831,0.006112319223272304,0.06014255441629931,0.943186899026235,0.04395557738659473,0.8015974164009094,0.9884983897209167
178,1093622,1004.4895127884728,50,0.9348530340194702,0.07795875213467826,0.5758786201477051,0.9849041700363159,90.62666666666667,108.44928440929839,21.0,590.0,1.6323908269405365,0.5773511156439781,0.002192746333700294,0.009480095837110033,0.07049407613706679,0.9348530340194702,0.07795875213467826,0.5758786201477051,0.9849041700363159
179,1099766,1040.552113645146,56,0.9339556736605508,0.08113387559095704,0.5277156829833984,0.9870607256889343,91.875,112.8662391790768,18.0,657.0,1.6675404757261276,0.5467686702807745,0.02345038449857384,0.007688150411316504,0.06217693392189901,0.9339556736605508,0.08113387559095704,0.5277156829833984,0.9870607256889343
180,1105910,1046.5422349203466,62,0.9376077709132677,0.0696776028200455,0.5154951810836792,0.9884983897209167,86.79452054794521,96.92928631387971,16.0,674.0,1.611504668990771,0.5495869790514311,-0.0024972669222430945,0.008516601209218303,0.06541474323076654,0.9376077709132677,0.0696776028200455,0.5154951810836792,0.9884983897209167
181,1112054,1037.5055590108025,68,0.9395637573564753,0.06076355179944171,0.709584653377533,0.989936113357544,84.07352941176471,84.52885274488695,14.0,404.0,1.5972993423541386,0.5368129462003708,0.003064329056845357,0.00943701141901935,0.0696372201957996,0.9395637573564753,0.06076355179944171,0.709584653377533,0.989936113357544
182,1118198,939.4470466633135,74,0.9266134172677993,0.13392726227933618,0.0,0.9877795577049255,100.35,174.54656255566883,17.0,1252.0,1.5656416763861973,0.5507662619153658,-0.008539073644593978,0.011484213406220078,0.08134358128236496,0.9266134172677993,0.13392726227933618,0.0,0.9877795577049255
183,1124342,1036.3754788396818,80,0.930062044357908,0.1439258876982302,0.0,0.9856230020523071,95.27536231884058,187.4733514634192,20.0,1252.0,1.5950360000133514,0.5465465486049652,0.0056322793146440136,0.010288907932893684,0.07313219916790338,0.930062044357908,0.1439258876982302,0.0,0.9856230020523071
184,1130486,1045.3607585296022,86,0.9434025581677755,0.061713255650664475,0.6700479388237,0.9877795577049255,78.73333333333333,85.84999838219115,17.0,459.0,1.5708283285299938,0.5579599365592003,-0.00505233500492371,0.010842386283911765,0.07123609821211194,0.9434025581677755,0.061713255650664475,0.6700479388237,0.9877795577049255
185,1136630,1029.3136860339282,92,0.9366546093699444,0.06789950308927145,0.5665335655212402,0.9877795577049255,88.12048192771084,94.45575206710772,17.0,603.0,1.5535960694154103,0.5745014498631159,-0.011509987666310431,0.01049575520058473,0.06638631551716175,0.9366546093699444,0.06789950308927145,0.5665335655212402,0.9877795577049255
186,1142774,1051.3937489371745,98,0.9459964036941528,0.07064802068124554,0.44504791498184204,0.9863418340682983,75.125,98.27924183162995,19.0,772.0,1.5432741592327754,0.5850852802395821,-0.005237511635641567,0.01017751859035343,0.07002217667429671,0.9459964036941528,0.07064802068124554,0.44504791498184204,0.9863418340682983
187,1148918,946.454707775752,105,0.9387591854635492,0.07664846047679497,0.5212460160255432,0.9892172813415527,85.19277108433735,106.62652508338267,15.0,666.0,1.5012886673212051,0.595359760026137,-0.004505352767106767,0.008889713829072813,0.06536028669285866,0.9387591854635492,0.07664846047679497,0.5212460160255432,0.9892172813415527
188,1155061,936.3881904743632,7,0.968058494899584,0.011922120527411038,0.9230263233184814,0.9881578683853149,43.15652173913043,16.10810830355609,16.0,104.0,1.4499092747767766,0.6796868145465851,-0.04536284785717726,0.006856765268215288,0.07000730125330891,0.968058494899584,0.011922120527411038,0.9230263233184814,0.9881578683853149
189,1161205,949.3761580764233,13,0.9672981583896805,0.015740581112426752,0.8741776347160339,0.9881578683853149,44.18382352941177,21.267277476512497,16.0,170.0,1.4144354611635208,0.7194533993800482,-0.036410069170718394,0.005099038554665943,0.05793136593389642,0.9672981583896805,0.015740581112426752,0.8741776347160339,0.9881578683853149
190,1167349,1014.0466311536464,19,0.9691299539578112,0.017390808356844163,0.8120065927505493,0.9888980388641357,41.70886075949367,23.49691706076265,15.0,254.0,1.37109012901783,0.7649814710021019,-0.027182380047937233,0.0034728138416539878,0.046556960124002233,0.9691299539578112,0.017390808356844163,0.8120065927505493,0.9888980388641357
191,1173493,976.8836475331472,25,0.9728850627646727,0.009227385871845805,0.9415296316146851,0.9911184310913086,36.63529411764706,12.467224851655244,12.0,79.0,1.3496037721633911,0.7855125094453493,-0.02214576944243163,0.0024009573341269666,0.04177668959148458,0.9728850627646727,0.009227385871845805,0.9415296316146851,0.9911184310913086
192,1179637,1048.1449452733611,31,0.9745278318276566,0.008166213425786292,0.9467105269432068,0.9903782606124878,34.41573033707865,11.033461861373475,13.0,72.0,1.3507659882307053,0.8016849507888159,-0.01240950912081947,0.001937889916007407,0.033379340983065615,0.9745278318276566,0.008166213425786292,0.9467105269432068,0.9903782606124878
193,1185781,1063.6492989891003,37,0.9744826704263687,0.008202422598320215,0.9511513113975525,0.9903782606124878,34.47674418604651,11.082383615855292,13.0,66.0,1.4081126352151234,0.8050273259480795,-0.004299138687201776,0.0018602385243866593,0.0315827511920909,0.9744826704263687,0.008202422598320215,0.9511513113975525,0.9903782606124878
194,1191925,1045.949974392904,43,0.972070247117727,0.009145492371851971,0.9407894611358643,0.9911184310913086,37.736196319018404,12.356577553873661,12.0,80.0,1.4458012680212657,0.8013355036576589,0.004255666436317067,0.0019170497350084286,0.03132834662374128,0.972070247117727,0.009145492371851971,0.9407894611358643,0.9911184310913086
195,1198069,1056.9606794918495,49,0.9705180931091308,0.01085999950008915,0.930427610874176,0.9896381497383118,39.833333333333336,14.673066785402732,14.0,94.0,1.4741485267877579,0.7861570020516714,0.0063547164221139,0.0022451583887838447,0.03544751351656838,0.9705180931091308,0.01085999950008915,0.930427610874176,0.9896381497383118
196,1204213,973.9135358496825,55,0.969196431085366,0.013223353278474083,0.9000822305679321,0.9911184310913086,41.61904761904762,17.86621991521869,12.0,135.0,1.4733138779799144,0.778807558119297,0.009714900000593238,0.002460143946033592,0.03673227638604956,0.969196431085366,0.013223353278474083,0.9000822305679321,0.9911184310913086
197,1210357,992.3753941708881,61,0.9677966195961525,0.014081458526010858,0.8904605507850647,0.9896381497383118,43.51034482758621,19.025615125813324,14.0,148.0,1.4910180668036144,0.7768680304288864,0.0023410389258060604,0.002282602528187757,0.03447988879802694,0.9677966195961525,0.014081458526010858,0.8904605507850647,0.9896381497383118
198,1216501,1007.786363619832,67,0.9680997965147169,0.012128925340141244,0.9259868264198303,0.9881578683853149,43.10071942446043,16.387525947398927,16.0,100.0,1.4711023072401683,0.770586815973123,0.006432826756887759,0.002390051265441192,0.03617039801146771,0.9680997965147169,0.012128925340141244,0.9259868264198303,0.9881578683853149
199,1222645,1011.2280831125155,73,0.9681294876517672,0.01278371784243439,0.9274671077728271,0.9903782606124878,43.06060606060606,17.272222214838227,13.0,98.0,1.4989043523867924,0.752408633629481,0.005687898349909422,0.0028472961372851082,0.039979514145135384,0.9681294876517672,0.01278371784243439,0.9274671077728271,0.9903782606124878
200,1228789,1016.2637261125925,79,0.9655302845198532,0.016978638279089617,0.8919407725334167,0.9881578683853149,46.57241379310345,22.94002520143708,16.0,146.0,1.457467292745908,0.7546382322907448,-0.003000302727741655,0.003128907458934312,0.0380694913910187,0.9655302845198532,0.016978638279089617,0.8919407725334167,0.9881578683853149
201,1234933,1004.8754877260953,86,0.9691476630021448,0.014098409896549691,0.8986019492149353,0.9911184310913086,41.68493150684932,19.048515357478013,12.0,137.0,1.4004832406838734,0.7587253501017889,-0.00942569436544242,0.003207815646116311,0.0379590646870502,0.9691476630021448,0.014098409896549691,0.8986019492149353,0.9911184310913086
202,1241077,1030.0654604589554,92,0.9712983318633097,0.012376634706867945,0.9200657606124878,0.9903782606124878,38.77914110429448,16.72220688017224,13.0,108.0,1.4034916212161381,0.7748585293690363,-0.01746773684863001,0.002900920750107616,0.03994042112942034,0.9712983318633097,0.012376634706867945,0.9200657606124878,0.9903782606124878
203,1247221,1041.5638375982269,97,0.9716487173821516,0.010432871345774848,0.9230263233184814,0.9888980388641357,38.30573248407644,14.09596880549109,15.0,104.0,1.4017886420090993,0.7825455069541931,-0.0107067553132462,0.002549637594105055,0.03635081696443867,0.9716487173821516,0.010432871345774848,0.9230263233184814,0.9888980388641357
204,1253365,1033.5230911150388,103,0.9722770467216586,0.01142769552013535,0.9259868264198303,0.9888980388641357,37.45679012345679,15.440086821476015,15.0,100.0,1.4169322699308395,0.7902509396274885,-0.004517273115197895,0.00216209446080029,0.03460506779408023,0.9722770467216586,0.01142769552013535,0.9259868264198303,0.9888980388641357
205,1259508,988.8638491801155,6,0.9641110890585444,0.018400301525823757,0.9084745645523071,0.9862712025642395,47.05434782608695,24.124840224942776,18.0,120.0,1.5410632242759068,0.7224888950586319,0.02725835586898029,0.0027680702332872897,0.04138512740595038,0.9641110890585444,0.018400301525823757,0.9084745645523071,0.9862712025642395
206,1265652,1039.937360185471,12,0.9551173415812817,0.030248152941322784,0.8413559198379517,0.9847457408905029,58.84615384615385,39.6586875248805,20.0,208.0,1.5428228080272675,0.7032917737960815,0.029439249619220693,0.003832604823401198,0.049578414926524095,0.9551173415812817,0.030248152941322784,0.8413559198379517,0.9847457408905029
207,1271796,1080.9375804338824,18,0.9490889832377434,0.040454668076190345,0.8154237270355225,0.9862712025642395,66.75,53.040561237261024,18.0,242.0,1.6119685918092728,0.6682354261477789,0.029884720609212916,0.0044630328969409066,0.051121330711407946,0.9490889832377434,0.040454668076190345,0.8154237270355225,0.9862712025642395
208,1277940,1094.3939033514148,24,0.9385630039201267,0.049291803272753766,0.7444915175437927,0.9855085015296936,80.55072463768116,64.62703168266806,19.0,335.0,1.6457699636618297,0.6274626106023788,0.03145891358144581,0.005444953741971403,0.05650283240071158,0.9385630039201267,0.049291803272753766,0.7444915175437927,0.9855085015296936
209,1284084,925.0787409184002,30,0.9380354411674269,0.04225461138411608,0.7681356072425842,0.9824576377868652,81.24242424242425,55.400486981247845,23.0,304.0,1.6615469704071681,0.5953885267178217,0.02457097979883353,0.005538535459587972,0.05037411341808893,0.9380354411674269,0.04225461138411608,0.7681356072425842,0.9824576377868652
210,1290228,1106.6887789664145,36,0.9353489542708677,0.06636342478798117,0.6499152779579163,0.9885593056678772,84.76470588235294,87.00982325324283,15.0,459.0,1.6403888911008835,0.6016169736782709,0.018676810859081645,0.006874618760775775,0.056387877388175266,0.9353489542708677,0.06636342478798117,0.6499152779579163,0.9885593056678772
211,1296372,1086.3167093854727,41,0.9360577132128463,0.06845430331443572,0.5805084705352783,0.9893220067024231,83.83544303797468,89.75119340975141,14.0,550.0,1.5947293390830357,0.5994092201193174,0.008266295917565003,0.007579928225216766,0.053937281942086246,0.9360577132128463,0.06845430331443572,0.5805084705352783,0.9893220067024231
212,1302516,1069.9007465821767,47,0.9356951431648152,0.07227740187586833,0.5797457695007324,0.9847457408905029,84.3108108108108,94.76370694203894,20.0,551.0,1.6215707908074062,0.5906801968812943,0.007063871181647603,0.0073279210094672935,0.05684182005100822,0.9356951431648152,0.07227740187586833,0.5797457695007324,0.9847457408905029
213,1308660,1069.1502690736077,53,0.9413559329178598,0.053294641696579055,0.5835593342781067,0.983983039855957,76.88888888888889,69.875197387031,21.0,546.0,1.6341054836908977,0.5736526101827621,0.014952618686947972,0.007491433954176803,0.05585529174972653,0.9413559329178598,0.053294641696579055,0.5835593342781067,0.983983039855957
214,1314804,857.9512771852272,60,0.946305080822536,0.05172568160513164,0.7170339226722717,0.9893220067024231,70.4,67.81811810170748,14.0,371.0,1.6186838895082474,0.5573925624291102,0.004949337579697992,0.008507495862431824,0.05977276142677878,0.946305080822536,0.05172568160513164,0.7170339226722717,0.9893220067024231
215,1320948,1027.6159955210435,66,0.9325247600481108,0.0922318863040446,0.46305084228515625,0.9847457408905029,88.46753246753246,120.92625040398976,20.0,704.0,1.5751755436261494,0.5580774148305258,0.003485217811733795,0.009851916382710138,0.06101039165743858,0.9325247600481108,0.0922318863040446,0.46305084228515625,0.9847457408905029
216,1327092,1031.9313619863785,72,0.9349423003323535,0.09442262615492561,0.38449153304100037,0.9916101694107056,85.29787234042553,123.79855203044488,11.0,807.0,1.5368651151657104,0.5774147833387057,-0.022660335797506075,0.009745739458594471,0.06991133274064464,0.9349423003323535,0.09442262615492561,0.38449153304100037,0.9916101694107056
217,1333236,1033.2706366507214,78,0.9446727057983135,0.0494845153012251,0.754406750202179,0.9885593056678772,72.54022988505747,64.87969496181341,15.0,322.0,1.5456469754378002,0.5834579840302467,-0.01401018506536881,0.009903908629591266,0.07410970987098946,0.9446727057983135,0.0494845153012251,0.754406750202179,0.9885593056678772
218,1339380,1039.309584088287,84,0.9567358281420565,0.03003994966972888,0.839067816734314,0.9847457408905029,56.724137931034484,39.38571117736091,20.0,211.0,1.5112597594658534,0.5890277499953905,-0.012327304929688884,0.008598523098044097,0.06588320624966405,0.9567358281420565,0.03003994966972888,0.839067816734314,0.9847457408905029
219,1345524,897.1936313180826,91,0.9465238246715294,0.08338964016489084,0.4058474600315094,0.9862712025642395,70.11320754716981,109.33308297632455,18.0,779.0,1.474841405948003,0.6147401705384254,-0.01778071378551734,0.00985022506210953,0.0688984303669604,0.9465238246715294,0.08338964016489084,0.4058474600315094,0.9862712025642395
220,1351668,1006.838063925913,97,0.9519418197182509,0.05101783422217781,0.7185593247413635,0.9862712025642395,63.00961538461539,66.8900497361022,18.0,369.0,1.4695380330085754,0.6308954805135727,-0.0128171736044654,0.009386817924678326,0.0653385369241266,0.9519418197182509,0.05101783422217781,0.7185593247413635,0.9862712025642395
221,1357812,1010.1393668184998,103,0.9542917667755059,0.05243973179171169,0.5309321880340576,0.9885593056678772,59.92857142857143,68.75431340828659,15.0,615.0,1.4574016630649567,0.6595095346371332,-0.02045115240616724,0.008246383183480551,0.06195781219341042,0.9542917667755059,0.05243973179171169,0.5309321880340576,0.9885593056678772
222,1363955,803.010160446204,8,0.9663750305771828,0.013231120663558027,0.9166083931922913,0.9850524663925171,42.74107142857143,16.818222226265203,19.0,106.0,1.4302036662896473,0.7035959313313166,-0.02694273553788662,0.005569054318281512,0.05146837873390762,0.9663750305771828,0.013231120663558027,0.9166083931922913,0.9850524663925171
223,1370099,1036.240412984155,14,0.9647915542125702,0.01574638179460162,0.8890734314918518,0.9874125719070435,44.753846153846155,20.015402353211556,16.0,141.0,1.4002991616725922,0.7145325740178426,-0.017061461966174345,0.004524768689104046,0.04450182228248761,0.9647915542125702,0.01574638179460162,0.8890734314918518,0.9874125719070435
224,1376243,1066.413695686665,19,0.9640351840191417,0.019686107394262332,0.8481643199920654,0.9874125719070435,45.71527777777778,25.02322898452013,16.0,193.0,1.4012443721294403,0.7371133665243784,-0.015510344218152264,0.004340819189868246,0.042531648023860065,0.9640351840191417,0.019686107394262332,0.8481643199920654,0.9874125719070435
225,1382387,1057.9005131616018,25,0.9665847855762844,0.015440989564308586,0.8694055676460266,0.9874125719070435,42.47445255474452,19.627211964968993,16.0,166.0,1.3814369291067123,0.750178704659144,-0.007447116038141151,0.0040742695273365825,0.038864209187673186,0.9665847855762844,0.015440989564308586,0.8694055676460266,0.9874125719070435
226,1388531,1072.4707227621263,31,0.9616415845230222,0.02943919530844923,0.7010489702224731,0.9881992936134338,48.7578125,37.42048780701347,15.0,380.0,1.447571764389674,0.7362091715137163,0.004532442489410944,0.004003839091941093,0.04317927635680694,0.9616415845230222,0.02943919530844923,0.7010489702224731,0.9881992936134338
227,1394675,818.2808761444826,38,0.9636079539855321,0.01793363792087525,0.8898601531982422,0.9881992936134338,46.25833333333333,22.79564864666549,15.0,140.0,1.491067613164584,0.7296806077162424,0.01094105361456362,0.004043495893711224,0.043029456717900906,0.9636079539855321,0.01793363792087525,0.8898601531982422,0.9881992936134338
228,1400819,1160.8633616930913,44,0.9559238838334368,0.03314896439431549,0.7474650144577026,0.9913461804389954,56.02564102564103,42.13601531922838,11.0,321.0,1.500920961300532,0.7279234677553177,0.01010023420288538,0.00451171815317745,0.04934685420761758,0.9559238838334368,0.03314896439431549,0.7474650144577026,0.9913461804389954
229,1406963,1152.898231327906,49,0.959428070379155,0.020246195421040485,0.8819929957389832,0.9874125719070435,51.57142857142857,25.735160178008513,16.0,150.0,1.5100547472635906,0.7085233728090922,0.012036258762236685,0.0036779034902186445,0.041459988786926597,0.959428070379155,0.020246195421040485,0.8819929957389832,0.9874125719070435
230,1413107,1157.395059623591,54,0.9575759960600168,0.030336727538367022,0.7498251795768738,0.9897727370262146,53.925619834710744,38.561352915391744,13.0,318.0,1.4681462397178013,0.7181786348422369,-0.0005708753875903009,0.004445002123247832,0.04472406510051846,0.9575759960600168,0.030336727538367022,0.7498251795768738,0.9897727370262146
231,1419251,1158.7778688199505,60,0.959935655359362,0.022490214736449517,0.8646852970123291,0.9881992936134338,50.92622950819672,28.587561215941363,15.0,172.0,1.4559123069047928,0.7097195734580358,-0.006268568155064713,0.004084121930645779,0.04319683749715523,0.959935655359362,0.022490214736449517,0.8646852970123291,0.9881992936134338
232,1425395,859.352267416722,67,0.9606180601761121,0.022130745388680827,0.8505244851112366,0.9889860153198242,50.05882352941177,28.13063586636763,14.0,190.0,1.4585109452406566,0.7115421965718269,0.0005825770689019313,0.004486142356957619,0.04345295481336311,0.9606180601761121,0.022130745388680827,0.8505244851112366,0.9889860153198242
233,1431539,1181.3751410371865,72,0.9627012545748275,0.021479825721754674,0.870192289352417,0.9858391880989075,47.41085271317829,27.30323898299985,18.0,165.0,1.430139144261678,0.7247672627369562,-0.0056322233625299605,0.004094049392733723,0.04035685840475339,0.9627012545748275,0.021479825721754674,0.870192289352417,0.9858391880989075
234,1437683,1235.9267790538886,77,0.961537773214926,0.035854406722146695,0.609003484249115,0.9858391880989075,48.889763779527556,45.57493238776032,18.0,497.0,1.4253407617410023,0.7374195580681165,-0.0015528193847179257,0.0045724173736137646,0.048126474929978104,0.961537773214926,0.035854406722146695,0.609003484249115,0.9858391880989075
235,1443827,1237.956138356415,82,0.9623646510224189,0.02262496070362889,0.8450174927711487,0.9866258502006531,47.83870967741935,28.75883793941247,17.0,197.0,1.4327367146809895,0.71946998188893,0.0034368695790666,0.004609269730281085,0.05105625300152875,0.9623646510224189,0.02262496070362889,0.8450174927711487,0.9866258502006531
236,1449971,1216.4759097699384,87,0.9603209311053866,0.03838748607136516,0.5940559506416321,0.9866258502006531,50.43650793650794,48.79475902635868,17.0,516.0,1.394828533132871,0.7185682679216067,-0.004620776378336207,0.004911482149812703,0.05210453057218067,0.9603209311053866,0.03838748607136516,0.5940559506416321,0.9866258502006531
237,1456115,1019.4640298545015,93,0.9625216883824284,0.02424800579838291,0.8308566212654114,0.990559458732605,47.6390977443609,30.82190860919801,12.0,215.0,1.4164715210596721,0.7311253597338995,-0.010276304739818443,0.00475482881302014,0.04363409189128078,0.9625216883824284,0.02424800579838291,0.8308566212654114,0.990559458732605
238,1462259,1083.0775007743832,99,0.9634354443692449,0.032163717034102125,0.6333916187286377,0.9897727370262146,46.47761194029851,40.883656629169046,13.0,466.0,1.4347224533557892,0.738164097070694,-0.007266246446912798,0.004461795489381378,0.04725753351340736,0.9634354443692449,0.032163717034102125,0.6333916187286377,0.9897727370262146
239,1468402,1064.8772973084433,6,0.9699155390262604,0.010308712351543622,0.9407039880752563,0.9861913323402405,37.03731343283582,12.69116905122749,17.0,73.0,1.3883281002442043,0.75699566056331,-0.019475528931555647,0.0026707516129439077,0.03991695582781359,0.9699155390262604,0.010308712351543622,0.9407039880752563,0.9861913323402405
240,1474546,833.0680213785568,13,0.9703472070834216,0.011336717882743236,0.9268953204154968,0.9878158569335938,36.50588235294118,13.956759719523443,15.0,90.0,1.3663850476344426,0.7866187940041224,-0.014713979170968136,0.0024135138713366664,0.03281914346172393,0.9703472070834216,0.011336717882743236,0.9268953204154968,0.9878158569335938
241,1480690,1079.1826130757056,19,0.9693097317793283,0.011676420225598111,0.900902509689331,0.9878158569335938,37.78313253012048,14.374968364781186,15.0,122.0,1.4176987558603287,0.7888935233155886,-0.005773975635141444,0.0022841597189350673,0.030716078335995656,0.9693097317793283,0.011676420225598111,0.900902509689331,0.9878158569335938
242,1486834,1162.5592168053658,24,0.9689014946451838,0.01159857294115233,0.9277075529098511,0.9886281490325928,38.285714285714285,14.27912891693474,14.0,89.0,1.4144022564093273,0.7944489816824595,-4.28628894345214e-05,0.001999999837911067,0.02841138576157638,0.9689014946451838,0.01159857294115233,0.9277075529098511,0.9886281490325928
243,1492978,1176.1470887878693,29,0.9690160762588933,0.011473138713252748,0.9163357615470886,0.9894404411315918,38.144654088050316,14.124708035269359,13.0,103.0,1.4361542860666912,0.7912270824114481,0.002292868244694546,0.0020950743686019755,0.02855647566174153,0.9690160762588933,0.011473138713252748,0.9163357615470886,0.9894404411315918
244,1499122,1178.6395128984714,34,0.9688377461315673,0.012687733569678915,0.8960288763046265,0.9878158569335938,38.364197530864196,15.620007813990673,15.0,128.0,1.4477690309286118,0.7892350777983665,0.0029486488250161833,0.0021746542624896392,0.03394100918151169,0.9688377461315673,0.012687733569678915,0.8960288763046265,0.9878158569335938
245,1505266,876.4535533728057,41,0.9684189788148373,0.012528946903742504,0.9179602861404419,0.9886281490325928,38.879746835443036,15.424523296466878,14.0,101.0,1.4657608220974605,0.7853010992209116,0.004164712544782863,0.00205835932380675,0.02866708892818499,0.9684189788148373,0.012528946903742504,0.9179602861404419,0.9886281490325928
246,1511410,1081.866279134205,47,0.9664867743342912,0.014555741011733778,0.8935920596122742,0.9878158569335938,41.25850340136054,17.91973352092248,15.0,131.0,1.4865821699301403,0.7778646970788637,0.003032304023993978,0.0024844560927400985,0.03146728383607529,0.9664867743342912,0.014555741011733778,0.8935920596122742,0.9878158569335938
247,1517554,1253.2496239857755,52,0.9656608048556508,0.014088285449801702,0.8952165842056274,0.9878158569335938,42.27536231884058,17.3442418778683,15.0,129.0,1.49459874133269,0.7682776426275572,0.011453842414387813,0.0026404746361852935,0.033260841817142374,0.9656608048556508,0.014088285449801702,0.8952165842056274,0.9878158569335938
248,1523698,1246.3274906390516,57,0.9641722728022568,0.0140715994599889,0.9130866527557373,0.9894404411315918,44.10791366906475,17.323702167790298,13.0,107.0,1.4944970260063808,0.7651052499810854,0.0055369325952293975,0.0026138224105428285,0.03487999727057738,0.9641722728022568,0.0140715994599889,0.9130866527557373,0.9894404411315918
249,1529842,1198.5857127867232,62,0.9620878458023071,0.019004012798641754,0.820487380027771,0.9837545156478882,46.67407407407408,23.39605209799916,20.0,221.0,1.5098971674839656,0.7588987673322359,0.005815574317239225,0.0026777277525980026,0.0346371224908573,0.9620878458023071,0.019004012798641754,0.820487380027771,0.9837545156478882
250,1535986,939.6387368198438,69,0.9653348178791821,0.013449794082262738,0.8911552429199219,0.9878158569335938,42.67669172932331,16.558190337438262,15.0,134.0,1.4483504444360733,0.751556600133578,0.00029973795729650493,0.003298502318405857,0.037878921144225516,0.9653348178791821,0.013449794082262738,0.8911552429199219,0.9878158569335938
251,1542130,952.0683251106442,75,0.9615128599107265,0.018845182750264835,0.8675992488861084,0.9845668077468872,47.38194444444444,23.20051380171526,19.0,163.0,1.4593936254580815,0.7586931809782982,-0.0038487164541341676,0.0028250391381637505,0.03516295742752895,0.9615128599107265,0.018845182750264835,0.8675992488861084,0.9845668077468872
252,1548274,1189.486437328058,80,0.9684281768767458,0.01206622219995887,0.9130866527557373,0.9902527332305908,38.86842105263158,14.854861073296014,12.0,107.0,1.403879463672638,0.7645491907993952,-0.009184277141078686,0.0029648150860642395,0.036859281652638985,0.9684281768767458,0.01206622219995887,0.9130866527557373,0.9902527332305908
253,1554418,1156.0591092095233,86,0.9680870859169521,0.014476742295454,0.8944043517112732,0.9886281490325928,39.28834355828221,17.82247974813733,14.0,130.0,1.4198325624068577,0.7796262800693512,-0.009277216168508554,0.00265618350628453,0.03652029888279861,0.9680870859169521,0.014476742295454,0.8944043517112732,0.9886281490325928
254,1560562,1135.376493888394,91,0.9678763583966881,0.012461019662170445,0.9163357615470886,0.9861913323402405,39.547770700636946,15.340901517232766,17.0,103.0,1.441260760029157,0.776264488697052,-0.00827516513527371,0.002533782026148401,0.03294345561920892,0.9678763583966881,0.012461019662170445,0.9163357615470886,0.9861913323402405
255,1566706,999.0766234798906,97,0.9678991327160283,0.013855725593349867,0.909025251865387,0.9886281490325928,39.51973684210526,17.05793934411745,14.0,112.0,1.4182244539260864,0.7764048228661219,-0.0027331120630454584,0.0026403924954744675,0.03422307825771031,0.9678991327160283,0.013855725593349867,0.909025251865387,0.9886281490325928
256,1572849,1054.0386789739403,6,0.9637700915336609,0.01731381836798643,0.9000932574272156,0.9865671396255493,43.15384615384615,20.622681995308664,16.0,119.0,1.5189477056264877,0.7189900254209837,0.022852618247270584,0.0032371759492283068,0.04006815306075581,0.9637700915336609,0.01731381836798643,0.9000932574272156,0.9865671396255493
257,1578993,1160.0959333263436,11,0.9515702729975736,0.03395099028928051,0.8018656969070435,0.9848880767822266,57.68518518518518,40.43940326064193,18.0,236.0,1.5376113057136536,0.7086173022786776,0.02456646633800119,0.004169596718080963,0.0496785047052579,0.9515702729975736,0.03395099028928051,0.8018656969070435,0.9848880767822266
258,1585137,1136.8638692426307,17,0.9485609149664975,0.04316391144816387,0.7825559973716736,0.9865671396255493,61.26966292134831,51.41301458216299,16.0,259.0,1.5892876237630844,0.6662219365437826,0.02787597442511469,0.0050924193928949535,0.053111644998320856,0.9485609149664975,0.04316391144816387,0.7825559973716736,0.9865671396255493
259,1591281,1179.9403384288798,22,0.942022081724433,0.038053580788094704,0.8127798438072205,0.9857276082038879,69.05813953488372,45.32604227336175,17.0,223.0,1.5732376178105671,0.6365861321489016,0.015785108572648216,0.005836218459686886,0.047342859569084704,0.942022081724433,0.038053580788094704,0.8127798438072205,0.9857276082038879
260,1597425,892.9703561731386,29,0.9464203815862356,0.04473621788448657,0.6860074400901794,0.9865671396255493,63.81927710843374,53.2858046555617,16.0,374.0,1.5552493433157604,0.6219174315532049,0.01178512373007834,0.006365439621731639,0.055154743074957956,0.9464203815862356,0.04473621788448657,0.6860074400901794,0.9865671396255493
261,1603569,965.8957773653626,35,0.9404617537345205,0.08296735347167113,0.368656724691391,0.9890857934951782,70.91666666666667,98.82334025606036,13.0,752.0,1.6063367029031117,0.608286052942276,0.007312501494501096,0.007127369715211292,0.051210424849270984,0.9404617537345205,0.08296735347167113,0.368656724691391,0.9890857934951782
262,1609713,1242.5567188306588,40,0.9339552235144836,0.08201746387294769,0.4819962680339813,0.9823694229125977,78.66666666666667,97.69191062574937,21.0,617.0,1.6002971331278484,0.5938299521803856,0.00902190841831422,0.007060129758125792,0.05630847318840418,0.9339552235144836,0.08201746387294769,0.4819962680339813,0.9823694229125977
263,1615857,1213.6143120360375,45,0.9424374624037407,0.04236010403890505,0.7632462978363037,0.9840484857559204,68.56338028169014,50.45559542509093,19.0,282.0,1.6007349987824757,0.5892369449138641,0.011372813469885537,0.006878146571883311,0.05522994351036357,0.9424374624037407,0.04236010403890505,0.7632462978363037,0.9840484857559204
264,1622001,1179.259993663889,50,0.9306473236405448,0.07789395012972566,0.5819029808044434,0.9848880767822266,82.6067415730337,92.78035170453043,18.0,498.0,1.5523430059353511,0.5950557043155035,0.002537041795828069,0.008151087230847528,0.058846387785573495,0.9306473236405448,0.07789395012972566,0.5819029808044434,0.9848880767822266
265,1628145,980.5263315179062,57,0.9429104483940385,0.056143818463984925,0.6129664182662964,0.9848880767822266,68.0,66.8735237730014,18.0,461.0,1.5456160455942154,0.6028843447566032,-0.010787197917428179,0.007716849194063495,0.060820758929763234,0.9429104483940385,0.056143818463984925,0.6129664182662964,0.9848880767822266
266,1634289,896.3964683588595,63,0.9392039160779182,0.06440199175774076,0.5844216346740723,0.9874067306518555,72.41489361702128,76.70992745185941,15.0,495.0,1.529987096786499,0.6077611595392227,-0.010332295069626221,0.007792392338160425,0.059660822479304654,0.9392039160779182,0.06440199175774076,0.5844216346740723,0.9874067306518555
267,1640433,1120.579526921378,69,0.9467817154195574,0.036163101698843604,0.7926306128501892,0.9857276082038879,63.388888888888886,43.07427550030927,17.0,247.0,1.511667753259341,0.6069799636801084,-0.018340257059511107,0.008039850392378867,0.056464616402064634,0.9467817154195574,0.036163101698843604,0.7926306128501892,0.9857276082038879
268,1646577,1159.0002485775378,74,0.9415998125076294,0.099762259486418,0.0,0.9865671396255493,68.37,107.65107105830391,16.0,1072.0,1.4450782239437103,0.630068135758241,-0.013742233626544476,0.008420250397951653,0.0593397993962616,0.9415998125076294,0.099762259486418,0.0,0.9865671396255493
269,1652721,1139.8341073604518,80,0.9462609548087514,0.0779557701405844,0.38880595564842224,0.9865671396255493,64.0091743119266,92.85398376565811,16.0,728.0,1.4114373922348022,0.6478728925188383,-0.017834037949796766,0.008140612296604862,0.056963368227937204,0.9462609548087514,0.0779557701405844,0.38880595564842224,0.9865671396255493
270,1658865,955.4570742346858,86,0.9565242220615519,0.03522995880682938,0.7985074520111084,0.9890857934951782,51.78448275862069,41.96279263957264,13.0,240.0,1.3948564479748409,0.6608079100648562,-0.01411603963545834,0.008525562026382735,0.06453987516416979,0.9565242220615519,0.03522995880682938,0.7985074520111084,0.9890857934951782
271,1665009,910.8800403914927,93,0.9573550519780216,0.03249413466083989,0.7766790986061096,0.9890857934951782,50.794871794871796,38.7041238690497,13.0,266.0,1.3898763159910839,0.6724608292182287,-0.011090421185751135,0.007864869626549384,0.05453732231349415,0.9573550519780216,0.03249413466083989,0.7766790986061096,0.9890857934951782
272,1671153,1096.0648749449358,98,0.9528549147206683,0.0626503655100005,0.3611007332801819,0.9857276082038879,56.15503875968992,74.62354613258202,17.0,761.0,1.3990762333075206,0.7004110341270765,-0.01498322022962384,0.00703420953747506,0.05196514475603533,0.9528549147206683,0.0626503655100005,0.3611007332801819,0.9857276082038879
273,1677296,1074.2754703398914,6,0.9608585365702597,0.015804470403195683,0.8966216444969177,0.9817567467689514,45.056179775280896,18.192701061764772,21.0,119.0,1.4434799700975418,0.678060732781887,0.005249771049420815,0.005178245153122892,0.04353719091712597,0.9608585365702597,0.015804470403195683,0.8966216444969177,0.9817567467689514
274,1683440,900.2840257374892,12,0.9541140579962516,0.028324789204588485,0.8540540337562561,0.9843629598617554,52.81981981981982,32.60497894831075,18.0,168.0,1.4619816641012828,0.6967779373129209,0.00202582783579904,0.004955312450571607,0.043248689844585374,0.9541140579962516,0.028324789204588485,0.8540540337562561,0.9843629598617554
275,1689584,799.7868142547862,20,0.9492006232437579,0.036837795717922124,0.7732625603675842,0.9869691133499146,58.47572815533981,42.404397248672076,15.0,261.0,1.5180678615967433,0.6755370249350866,0.008962959031729648,0.005257367874340464,0.04403189494871845,0.9492006232437579,0.036837795717922124,0.7732625603675842,0.9869691133499146
276,1695728,1049.1292944655586,26,0.9508338164775929,0.034076027415646686,0.7437258958816528,0.9843629598617554,56.59574468085106,39.225295558854526,18.0,295.0,1.527691016594569,0.657617504398028,0.010156323415382454,0.006293948293508341,0.0483011018263949,0.9508338164775929,0.034076027415646686,0.7437258958816528,0.9843629598617554
277,1701872,1169.9959263673325,31,0.9439225258114182,0.06259551954178134,0.5916988253593445,0.9887065887451172,64.55140186915888,72.05439711006245,13.0,470.0,1.486600438753764,0.6564059307177862,-0.0011243555879142757,0.006121031881775707,0.05011029998331526,0.9439225258114182,0.06259551954178134,0.5916988253593445,0.9887065887451172
278,1708016,1197.3042735724964,36,0.9490403758669362,0.04128767744475665,0.7046331763267517,0.9869691133499146,58.66019417475728,47.526702437918935,15.0,340.0,1.4819481174151103,0.6660576636592547,-0.0008507579962800568,0.006411737316132833,0.0529478489192006,0.9490403758669362,0.04128767744475665,0.7046331763267517,0.9869691133499146
279,1714160,910.4558212522428,43,0.9502316620614794,0.03061873608797957,0.8332046270370483,0.9817567467689514,57.28888888888889,35.245565345773784,21.0,192.0,1.5254074682792027,0.6466237604618073,0.010644536698237062,0.006400149858867128,0.055125347230993556,0.9502316620614794,0.03061873608797957,0.8332046270370483,0.9817567467689514
280,1720304,867.9810850762332,50,0.9412074405135531,0.0766714970518089,0.4014478623867035,0.9861003756523132,67.67676767676768,88.25740914132912,16.0,689.0,1.5236176947752635,0.6398102765281996,0.005674787716998253,0.007468309563895066,0.05853011662774468,0.9412074405135531,0.0766714970518089,0.4014478623867035,0.9861003756523132
281,1726448,1104.298310397864,56,0.9394063705205917,0.056575920293884155,0.6759652495384216,0.9878378510475159,69.75,65.12516794604065,14.0,373.0,1.5281328310569127,0.6504945531487465,-0.003869806185927397,0.006922443882406999,0.05400171694002082,0.9394063705205917,0.056575920293884155,0.6759652495384216,0.9878378510475159
282,1732592,1096.5692896644941,61,0.9442699178300723,0.04931929128237332,0.5916988253593445,0.9869691133499146,64.15151515151516,56.77198121643871,15.0,470.0,1.5063160161177318,0.6535745337605476,-0.001478072192791539,0.006354271511857708,0.050583865402902,0.9442699178300723,0.04931929128237332,0.5916988253593445,0.9869691133499146
283,1738736,1082.0014170673608,67,0.9466034687391602,0.02859385517335331,0.8453667759895325,0.9887065887451172,61.46534653465346,32.91470054563199,13.0,178.0,1.490921527147293,0.6591472253203392,-0.004816337410981457,0.005823301015576969,0.049780445881519274,0.9466034687391602,0.02859385517335331,0.8453667759895325,0.9887065887451172
284,1744880,807.28856415822,75,0.9511322132102004,0.02884739201840413,0.8149613738059998,0.9843629598617554,56.252252252252255,33.20655217784545,18.0,213.0,1.4304407785336177,0.6710450326402982,-0.011492597196289958,0.005717421610218783,0.046102116608968104,0.9511322132102004,0.02884739201840413,0.8149613738059998,0.9843629598617554
285,1751024,811.26158578198,82,0.950769217358422,0.032430151665619134,0.8045367002487183,0.9852316379547119,56.670103092783506,37.330709739838774,17.0,225.0,1.4723437676827114,0.6569761335849762,0.001986866584047675,0.005669283932851006,0.046474209192388254,0.950769217358422,0.032430151665619134,0.8045367002487183,0.9852316379547119
286,1757168,1018.6877366258267,88,0.9492881292743343,0.04294299329422889,0.7280887961387634,0.9869691133499146,58.375,49.43215498467138,15.0,313.0,1.4609595189491908,0.6677385245760282,-0.005535534078565736,0.006380081448393564,0.05013302485091825,0.9492881292743343,0.04294299329422889,0.7280887961387634,0.9869691133499146
287,1763312,1034.5776707372274,94,0.9555901366061178,0.02602159411256796,0.8384169936180115,0.9852316379547119,51.12068965517241,29.953744562533064,17.0,186.0,1.4280553609132767,0.6823779717087746,-0.010905828636168735,0.006374818951978038,0.0519553317456378,0.9555901366061178,0.02602159411256796,0.8384169936180115,0.9852316379547119
288,1769456,824.4071869275473,102,0.9572051061648075,0.02514789192825558,0.8514478802680969,0.983494222164154,49.26168224299065,28.948015427142124,19.0,171.0,1.460472971200943,0.6760204235712687,0.002072667295578867,0.00642662417764465,0.050391304132411906,0.9572051061648075,0.02514789192825558,0.8514478802680969,0.983494222164154
289,1775600,755.7032799531595,110,0.9432488164076438,0.07866356275435754,0.36583012342453003,0.9843629598617554,65.32692307692308,90.55050039233231,18.0,730.0,1.4788827101389568,0.6726001997788748,0.005279074214437666,0.006048057053703815,0.04707642745222177,0.9432488164076438,0.07866356275435754,0.36583012342453003,0.9843629598617554
290,1781743,837.4634192250633,7,0.9661921437297548,0.012154152350937917,0.9289000034332275,0.9865000247955322,37.56428571428572,13.504608057085928,15.0,79.0,1.3931930114825566,0.7459754223624865,-0.027845383233701188,0.00356349585733066,0.044144816982017165,0.9661921437297548,0.012154152350937917,0.9289000034332275,0.9865000247955322
291,1787887,867.3824935501189,14,0.9662251552921132,0.011420512439516316,0.9108999967575073,0.9873999953269958,37.52760736196319,12.689454045329718,14.0,99.0,1.3571208169062932,0.776097742219766,-0.023009033563236397,0.0024680324810712286,0.0354145171273536,0.9662251552921132,0.011420512439516316,0.9108999967575073,0.9873999953269958
292,1794031,1127.4236797262872,20,0.9672005955989544,0.011262237802097333,0.9118000268936157,0.9865000247955322,36.44378698224852,12.513594022618262,15.0,98.0,1.3722093204657237,0.7886378243565559,-0.014335607993416488,0.002058390498859808,0.02868571535620557,0.9672005955989544,0.011262237802097333,0.9118000268936157,0.9865000247955322
293,1800175,1072.6053539356155,26,0.968384361466882,0.0110276441988779,0.9387999773025513,0.9865000247955322,35.12849162011173,12.252931399970697,15.0,68.0,1.3735829840103786,0.8018639584382375,-0.0040702840221153265,0.001792649719088028,0.027147442071914062,0.968384361466882,0.0110276441988779,0.9387999773025513,0.9865000247955322
294,1806319,929.6632019944079,32,0.9680105290914837,0.011656484011348524,0.8892999887466431,0.9855999946594238,35.54385964912281,12.95164670436044,16.0,123.0,1.4071771651506424,0.8043544441461563,-0.0008487751244198686,0.0016134395361101876,0.02625453124612147,0.9680105290914837,0.011656484011348524,0.8892999887466431,0.9855999946594238
295,1812463,828.728488181589,40,0.9670487526804209,0.010857968378788808,0.9315999746322632,0.9891999959945679,36.6125,12.064403994810517,12.0,76.0,1.4453407973051071,0.7974461317062378,0.00477203619084321,0.0016834442503750324,0.025720536747808637,0.9670487526804209,0.010857968378788808,0.9315999746322632,0.9891999959945679
296,1818607,955.6840968653471,46,0.964275160792527,0.012422547256394361,0.9018999934196472,0.9865000247955322,39.69426751592356,13.802825530170747,15.0,109.0,1.459957147638003,0.7899892255663872,0.0066975214673827095,0.0017009449220495299,0.026181718887599893,0.964275160792527,0.012422547256394361,0.9018999934196472,0.9865000247955322
297,1824751,1190.2767632096093,51,0.9635250009596348,0.013761612444856849,0.9100000262260437,0.9837999939918518,40.52777777777778,15.290676373222253,18.0,100.0,1.4665663590033848,0.7780881201227506,0.010996203675555686,0.002267560402591092,0.032408604291223435,0.9635250009596348,0.013761612444856849,0.9100000262260437,0.9837999939918518
298,1830895,1153.2929954885626,57,0.9595257128987994,0.021568355654696798,0.7849000096321106,0.9873999953269958,44.97142857142857,23.96483818822391,14.0,239.0,1.4708199749390285,0.7695367957154909,0.012552852703568837,0.0022617722182379416,0.031165489103755963,0.9595257128987994,0.021568355654696798,0.7849000096321106,0.9873999953269958
299,1837039,919.5621357897808,63,0.9625209824188606,0.015296638676683827,0.9036999940872192,0.9873999953269958,41.64335664335665,16.99625857405571,14.0,107.0,1.4466945777336757,0.7600867648919424,0.0009625729968926559,0.002511076435136298,0.031319398465564106,0.9625209824188606,0.015296638676683827,0.9036999940872192,0.9873999953269958
300,1843183,824.2241144160997,71,0.9602122293959419,0.017420728882708434,0.8586999773979187,0.9829000234603882,44.20863309352518,19.356360774900676,19.0,157.0,1.4666523039340973,0.7569011474649111,0.0019494538670793797,0.0027842151660782597,0.03511659815603926,0.9602122293959419,0.017420728882708434,0.8586999773979187,0.9829000234603882
301,1849327,1008.5949529712115,77,0.9615053710521467,0.019998099433806735,0.7831000089645386,0.9855999946594238,42.77181208053691,22.220107226850637,16.0,241.0,1.429215634862582,0.7637584507465363,-0.0057830735653017955,0.0027570818395664296,0.03247492172760571,0.9615053710521467,0.019998099433806735,0.7831000089645386,0.9855999946594238
302,1855471,1215.5157295630959,82,0.9630033553846731,0.01435317037605903,0.9199000000953674,0.9873999953269958,41.10738255033557,15.94796106956855,14.0,89.0,1.4240384846925735,0.7614763155579567,-0.0010445628055701188,0.002592496147068838,0.034732263114526075,0.9630033553846731,0.01435317037605903,0.9199000000953674,0.9873999953269958
303,1861615,1174.115650041983,87,0.9624838941049256,0.016902904947763003,0.8722000122070312,0.9873999953269958,41.68456375838926,18.781001127021508,14.0,142.0,1.4161262214183807,0.768600307404995,-0.004599261701514479,0.002854071829157571,0.03564643519128802,0.9624838941049256,0.016902904947763003,0.8722000122070312,0.9873999953269958
304,1867759,881.5834473151526,94,0.9654411409474626,0.014336827705045302,0.8704000115394592,0.9873999953269958,38.39873417721519,15.929806419881816,14.0,144.0,1.4199231664339702,0.7799483040968577,-0.007579869047428171,0.002707174494086454,0.03313434173129532,0.9654411409474626,0.014336827705045302,0.8704000115394592,0.9873999953269958
305,1873903,832.8946767411599,101,0.9644050013273955,0.016552971419869153,0.8289999961853027,0.9873999953269958,39.55,18.392185840731383,14.0,190.0,1.4033511479695637,0.7770187060038248,-0.005892584988032468,0.002139509277185425,0.02837048144385339,0.9644050013273955,0.016552971419869153,0.8289999961853027,0.9873999953269958
306,1880047,1062.4245676317544,107,0.9658987831051756,0.012055536714009583,0.920799970626831,0.9855999946594238,37.890243902439025,13.395035572528059,16.0,88.0,1.4308512409528096,0.7804334312677383,-0.004826687299403905,0.002226304670330137,0.029403232411379848,0.9658987831051756,0.012055536714009583,0.920799970626831,0.9855999946594238
307,1886191,856.952541028287,7,0.9617621657010671,0.015293022371998307,0.9100000262260437,0.9837999939918518,42.486486486486484,16.99224246153047,18.0,100.0,1.489267776409785,0.754957747956117,0.01620711471575002,0.0026254908298142254,0.035542519773676125,0.9617621657010671,0.015293022371998307,0.9100000262260437,0.9837999939918518
308,1892335,896.7369687589006,14,0.9547439685155605,0.023617663378050303,0.847000002861023,0.9811000227928162,50.28448275862069,26.241848006598673,21.0,170.0,1.5107042491436005,0.7355396201213201,0.017359951549830537,0.0028045431924207755,0.03359244058006263,0.9547439685155605,0.023617663378050303,0.847000002861023,0.9811000227928162
309,1898479,1072.3823559508414,20,0.9545061941695424,0.019151114901557548,0.8712999820709229,0.9847000241279602,50.54867256637168,21.279010868638945,17.0,143.0,1.5257804195086162,0.7243533755342165,0.014050612264933685,0.003509999039427688,0.037701151055685056,0.9545061941695424,0.019151114901557548,0.8712999820709229,0.9847000241279602
310,1904623,1139.901770240676,25,0.9456314274242946,0.035789317497128714,0.6976000070571899,0.9811000227928162,60.40952380952381,39.7659091225722,21.0,336.0,1.568139985203743,0.694332480430603,0.017679362557828426,0.004100370725306372,0.04231344588115227,0.9456314274242946,0.035789317497128714,0.6976000070571899,0.9811000227928162
311,1910767,1155.180198993744,30,0.943602884045014,0.029177647096282105,0.8317000269889832,0.9847000241279602,62.66346153846154,32.41960784206274,17.0,187.0,1.5200018882751465,0.681147408982118,0.004870648038073948,0.004138977392964686,0.03953855043601689,0.943602884045014,0.029177647096282105,0.8317000269889832,0.9847000241279602
312,1916911,873.8376303052046,37,0.9518499996578484,0.035885988779576605,0.6561999917030334,0.9873999953269958,53.5,39.87331913632684,14.0,382.0,1.5062806457281113,0.6986792981624603,-0.0007732363469585835,0.004903532758665581,0.042509197226780704,0.9518499996578484,0.035885988779576605,0.6561999917030334,0.9873999953269958
313,1923055,930.1718862448513,44,0.9512137929941046,0.02613008342054786,0.820900022983551,0.9837999939918518,54.206896551724135,29.03342818954686,18.0,199.0,1.4900143891572952,0.7080898707111677,-0.005935315416233304,0.004556123089666168,0.04336047250593244,0.9512137929941046,0.02613008342054786,0.820900022983551,0.9837999939918518
314,1929199,1142.767656936852,49,0.9547352946105123,0.027006898453128547,0.7911999821662903,0.9883000254631042,50.294117647058826,30.007660910125658,13.0,232.0,1.4755319754282634,0.703545905649662,-0.00523101046079925,0.004091726616024971,0.036698150333210694,0.9547352946105123,0.027006898453128547,0.7911999821662903,0.9883000254631042
315,1935343,1210.1735645363192,54,0.9532750005523364,0.02564409893625764,0.8299000263214111,0.9873999953269958,51.916666666666664,28.493444665201306,14.0,189.0,1.4706051796674728,0.7041405464212099,-0.002209724123531487,0.004465641482966021,0.0397284564055353,0.9532750005523364,0.02564409893625764,0.8299000263214111,0.9873999953269958
316,1941487,1249.9962420276966,59,0.9565639329738305,0.020608969858863117,0.8614000082015991,0.9855999946594238,48.26229508196721,22.89885217206689,16.0,154.0,1.476674661040306,0.7091788152853647,-0.006622483651426592,0.004330703852853428,0.042066058662652055,0.9565639329738305,0.020608969858863117,0.8614000082015991,0.9855999946594238
317,1947631,895.8891922991602,66,0.9523750022053719,0.03377530743106622,0.6976000070571899,0.9865000247955322,52.916666666666664,37.52811908718877,15.0,336.0,1.4535516798496246,0.7158000494043032,-0.004558908954398551,0.004463934727633993,0.041749159732105544,0.9523750022053719,0.03377530743106622,0.6976000070571899,0.9865000247955322
318,1953775,837.0010610214148,74,0.9529050403282422,0.024631801171949366,0.8496999740600586,0.9855999946594238,52.32773109243698,27.368665528944806,16.0,167.0,1.467359612385432,0.7143935610850652,-0.004402366119999594,0.004175263796544944,0.040906700204374355,0.9529050403282422,0.024631801171949366,0.8496999740600586,0.9855999946594238
319,1959919,1065.021384527597,79,0.9565899997949601,0.023613280601196995,0.8091999888420105,0.9855999946594238,48.233333333333334,26.23697560483847,16.0,212.0,1.4430781503518422,0.727116733789444,0.004311221811803989,0.00386032429135715,0.0430291234665719,0.9565899997949601,0.023613280601196995,0.8091999888420105,0.9855999946594238
320,1966063,1131.0206196240727,85,0.9528588719906346,0.028870588043121828,0.8109999895095825,0.9847000241279602,52.37903225806452,32.078430282450796,17.0,210.0,1.4449767520030339,0.7176757976412773,-0.0008970974474019991,0.0038883946059892574,0.040454852935590556,0.9528588719906346,0.028870588043121828,0.8109999895095825,0.9847000241279602
321,1972207,1109.1373546876969,90,0.9568418624789216,0.024588818442239258,0.8686000108718872,0.9873999953269958,47.95348837209303,27.320906741826875,14.0,146.0,1.4308772484461467,0.720260185499986,-0.0019652050650620367,0.004198652304088076,0.04190495880476758,0.9568418624789216,0.024588818442239258,0.8686000108718872,0.9873999953269958
322,1978351,881.3714208164346,97,0.9560133842971381,0.01991754651732742,0.8748999834060669,0.9829000234603882,48.874015748031496,22.130604499816783,19.0,139.0,1.4608797778685887,0.7249919474124908,-0.003793538135748046,0.003954286192310974,0.03900676542552026,0.9560133842971381,0.01991754651732742,0.8748999834060669,0.9829000234603882
323,1984495,815.3672610750862,105,0.9581570327281952,0.01798558146053797,0.8982999920845032,0.9865000247955322,46.4921875,19.983976430251406,15.0,113.0,1.467808539668719,0.7359658628702164,-0.0009676401447601771,0.003913161500046651,0.038704076847511974,0.9581570327281952,0.01798558146053797,0.8982999920845032,0.9865000247955322
324,1990639,791.7111049065448,8,0.9615855790101565,0.015367692682220184,0.8964999914169312,0.9837999939918518,42.68269230769231,17.075209438448006,18.0,115.0,1.474057599902153,0.7226309676965078,0.008242943336275252,0.003800468781264499,0.037347812130301694,0.9615855790101565,0.015367692682220184,0.8964999914169312,0.9837999939918518
325,1996783,773.5554230565398,16,0.953642620414984,0.02556807239588448,0.8119000196456909,0.9829000234603882,51.50819672131148,28.408970501320656,19.0,209.0,1.4686506638924282,0.7299735645453135,0.004682050532816599,0.003934901168880363,0.03716689186754229,0.953642620414984,0.02556807239588448,0.8119000196456909,0.9829000234603882
326,2002927,958.1156668199341,22,0.9532285720582993,0.022794906629346925,0.8371000289916992,0.9865000247955322,51.96825396825397,25.327673712394745,15.0,181.0,1.4965751320123672,0.7220732321341833,-0.0012340916061172418,0.003408424536852787,0.03696883374703197,0.9532285720582993,0.022794906629346925,0.8371000289916992,0.9865000247955322
327,2009071,1046.1623685588668,28,0.9571461529813261,0.01811687189590235,0.8920000195503235,0.9837999939918518,47.61538461538461,20.129854578831203,18.0,120.0,1.4852532893419266,0.7187592561046282,0.001906897836306598,0.0036969580687582493,0.036632399408683666,0.9571461529813261,0.01811687189590235,0.8920000195503235,0.9837999939918518
328,2015215,859.6655744015864,35,0.953120801448822,0.02931979194778334,0.7290999889373779,0.9891999959945679,52.088,32.57754220318041,12.0,301.0,1.4533723344405491,0.7179879869023958,-0.000648839598094734,0.003628460680677866,0.03850619779263486,0.953120801448822,0.02931979194778334,0.7290999889373779,0.9891999959945679
329,2021359,755.797432075818,43,0.9527652541459617,0.029060937968619794,0.7813000082969666,0.9883000254631042,52.483050847457626,32.289929439915205,13.0,243.0,1.4751881808042526,0.717871218919754,-0.00020610044884961098,0.004143184933733816,0.04300265287883139,0.9527652541459617,0.029060937968619794,0.7813000082969666,0.9883000254631042
330,2027503,977.9482109293622,50,0.9592590557308648,0.020911505172838473,0.8748999834060669,0.9855999946594238,45.267716535433074,23.23500238284196,16.0,139.0,1.4723757008711498,0.7255610004067421,-0.006562694853831393,0.0037340057509330413,0.036775421471467874,0.9592590557308648,0.020911505172838473,0.8748999834060669,0.9855999946594238
331,2033647,1243.1193172082599,55,0.9524874980250995,0.020826103689496504,0.8650000095367432,0.9855999946594238,52.791666666666664,23.140115180256895,16.0,150.0,1.4788738985856373,0.7170484736561775,0.004341601132182404,0.0038212468886437514,0.037445181110822574,0.9524874980250995,0.020826103689496504,0.8650000095367432,0.9855999946594238
332,2039791,1186.383117377275,60,0.9568285696090214,0.01814865416980324,0.8730999827384949,0.9847000241279602,47.96825396825397,20.165165826850743,17.0,141.0,1.464444562792778,0.7247360969583193,-0.0045497719693230465,0.00386277930617022,0.04127222125453596,0.9568285696090214,0.01814865416980324,0.8730999827384949,0.9847000241279602
333,2045935,862.9153808420813,67,0.9566415991783143,0.023070093151219502,0.8317000269889832,0.9865000247955322,48.176,25.633435665162015,15.0,187.0,1.4732939700285594,0.7210636635621389,-0.0013722520786056218,0.0035296361699389913,0.037232233955014904,0.9566415991783143,0.023070093151219502,0.8317000269889832,0.9865000247955322
334,2052079,808.7275128339004,74,0.9565260871596958,0.018979095690096787,0.9018999934196472,0.9865000247955322,48.30434782608695,21.087879854280807,15.0,109.0,1.5132157603899639,0.7026531472802162,0.003917713249393273,0.003992684922801952,0.0412106722472844,0.9565260871596958,0.018979095690096787,0.9018999934196472,0.9865000247955322
335,2058223,1040.8465202563725,80,0.9485799999464126,0.030500275908556612,0.8127999901771545,0.9873999953269958,57.13333333333333,33.88919385759213,14.0,208.0,1.5102871010700862,0.7032903209328651,0.00975819697487168,0.00444643809654129,0.042645766799705574,0.9485799999464126,0.030500275908556612,0.8127999901771545,0.9873999953269958
336,2064367,1118.1642534615191,86,0.9517405419736296,0.03277331632406342,0.7975000143051147,0.9873999953269958,53.62162162162162,36.414791088003724,14.0,225.0,1.5259070644776027,0.6923703749974569,0.008058633645608401,0.004581966738138969,0.03964248211104793,0.9517405419736296,0.03277331632406342,0.7975000143051147,0.9873999953269958
337,2070511,1119.0882108782978,91,0.9477351340087684,0.044672983826157246,0.6769000291824341,0.9847000241279602,58.072072072072075,49.63664581151943,17.0,359.0,1.50687408943971,0.6909264797965685,0.0009452050702141909,0.005124525322268407,0.04341377643656125,0.9477351340087684,0.044672983826157246,0.6769000291824341,0.9847000241279602
338,2076655,817.7796544012112,99,0.945405659529398,0.07177484922823932,0.28540000319480896,0.9837999939918518,60.660377358490564,79.74983134689127,18.0,794.0,1.4975546995798747,0.6861751849452654,0.006252764515617552,0.004716147494036704,0.04645833002037001,0.945405659529398,0.07177484922823932,0.28540000319480896,0.9837999939918518
339,2082799,803.9670342927777,107,0.9511146341882101,0.03020367479230656,0.7939000129699707,0.9865000247955322,54.31707317073171,33.559634355879645,15.0,229.0,1.479983886082967,0.702583779891332,-0.009275333499923969,0.004663294123020023,0.04337615864248954,0.9511146341882101,0.03020367479230656,0.7939000129699707,0.9865000247955322
340,2088943,1097.906891929735,112,0.9559648008346557,0.024808727326945026,0.8460999727249146,0.9865000247955322,48.928,27.565246525289776,15.0,171.0,1.4617740213871002,0.7135569229722023,-0.007100061866367469,0.004717515820326905,0.04781134794505346,0.9559648008346557,0.024808727326945026,0.8460999727249146,0.9865000247955322
