update,framesToTrain,FPS,duration,rreturn_mean,rreturn_std,rreturn_min,rreturn_max,num_frames_mean,num_frames_std,num_frames_min,num_frames_max,entropy,value,policy_loss,value_loss,grad_norm,return_mean,return_std,return_min,return_max
1,4096,942.6634672929774,4,0.0,0.0,0,0,0.0,0.0,0,0,1.7288324981927872,0.18020946066826582,0.01911387221480254,0.027726515429094434,0.1738310380743711,0.0,0.0,0,0
update,framesToTrain,FPS,duration,rreturn_mean,rreturn_std,rreturn_min,rreturn_max,num_frames_mean,num_frames_std,num_frames_min,num_frames_max,entropy,value,policy_loss,value_loss,grad_norm,return_mean,return_std,return_min,return_max
2,8192,974.2425537643646,8,0.0,0.0,0,0,0.0,0.0,0,0,1.7469722256064415,0.1987586710602045,0.030376781127415597,0.005009017593692988,0.0764460080053371,0.0,0.0,0,0
3,12288,1023.8508518051021,12,0.0,0.0,0,0,0.0,0.0,0,0,1.8064988851547241,0.16864286828786135,0.028414673637598753,0.0008882597830961458,0.05595475242534145,0.0,0.0,0,0
4,16384,969.8955883076898,17,0.0,0.0,0,0,0.0,0.0,0,0,1.8828463032841682,0.14292039070278406,0.025643942411988974,0.00035076873609796166,0.02744436142643356,0.0,0.0,0,0
5,20480,1020.6128038811622,21,0.0,0.0,0.0,0.0,320.0,320.0,0.0,640.0,1.9106752499938011,0.11557203810662031,0.030603748513385653,0.0005139457862242125,0.023923671007975447,0.0,0.0,0.0,0.0
6,24576,988.8552166222418,25,0.0,0.0,0.0,0.0,320.0,320.0,0.0,640.0,1.9300016686320305,0.09685982158407569,0.015700071409810334,0.0001959602377610281,0.015165613885808078,0.0,0.0,0.0,0.0
7,28672,968.528458858227,29,0.0,0.0,0.0,0.0,320.0,320.0,0.0,640.0,1.93546412140131,0.08433890109881759,0.014631957397796214,0.00012965581163371098,0.014240384426880947,0.0,0.0,0.0,0.0
8,32768,979.0647343953246,33,0.0,0.0,0.0,0.0,820.0,180.0,640.0,1000.0,1.9338088110089302,0.06941414857283235,0.017459509370382875,0.0002613743135952973,0.018566163569857172,0.0,0.0,0.0,0.0
9,36864,994.6068615080451,37,0.0,0.0,0.0,0.0,820.0,180.0,640.0,1000.0,1.9370943754911423,0.05891564465127885,0.010585299285594374,9.562968625687063e-05,0.00933492424430594,0.0,0.0,0.0,0.0
10,40960,990.1734156124909,41,0.007167968899011612,0.0399095617897908,0.0,0.22937500476837158,817.125,183.55172125316614,548.0,1000.0,1.9386662989854813,0.04732991964556277,0.011299122706986964,0.00016073512506409315,0.01221313939173417,0.007167968899011612,0.0399095617897908,0.0,0.22937500476837158
11,45056,929.7028961872745,46,0.007167968899011612,0.0399095617897908,0.0,0.22937500476837158,817.125,183.55172125316614,548.0,1000.0,1.9408980384469032,0.03476854762993753,0.006765619269572198,6.213016172296193e-05,0.010039384374483049,0.007167968899011612,0.0399095617897908,0.0,0.22937500476837158
12,49152,966.7516051265686,50,0.007167968899011612,0.0399095617897908,0.0,0.22937500476837158,817.125,183.55172125316614,548.0,1000.0,1.941722758114338,0.028131318977102637,0.004764470038935542,5.508246772478742e-05,0.005302410883442256,0.007167968899011612,0.0399095617897908,0.0,0.22937500476837158
13,53248,970.8933883126151,54,0.022377929650247097,0.09244649349050987,0.0,0.4867187440395355,797.28125,196.5715891181569,365.0,1000.0,1.9409203305840492,0.025972428149543703,0.0022744586276530754,0.00035999940473629977,0.015236146507940945,0.022377929650247097,0.09244649349050987,0.0,0.4867187440395355
14,57344,975.0462417782345,58,0.022377929650247097,0.09244649349050987,0.0,0.4867187440395355,797.28125,196.5715891181569,365.0,1000.0,1.941835343837738,0.019846877199597657,0.003305393780465238,3.9572669038534514e-05,0.006069990979575929,0.022377929650247097,0.09244649349050987,0.0,0.4867187440395355
15,61440,951.9262598393937,63,0.022377929650247097,0.09244649349050987,0.0,0.4867187440395355,628.53125,49.9624761539848,365.0,640.0,1.9424302577972412,0.017000599182210863,0.004396798991365358,4.100510113858036e-05,0.007673787978892736,0.022377929650247097,0.09244649349050987,0.0,0.4867187440395355
16,65536,941.8228206174589,67,0.015209960751235485,0.08468547743077227,0.0,0.4867187440395355,811.40625,194.3789564508913,365.0,1000.0,1.9419759809970856,0.01428120385389775,0.0038265315088210627,4.137422308758687e-05,0.005279727709270468,0.015209960751235485,0.08468547743077227,0.0,0.4867187440395355
17,69632,953.106269883693,71,0.015209960751235485,0.08468547743077227,0.0,0.4867187440395355,811.40625,194.3789564508913,365.0,1000.0,1.9428016617894173,0.012941556051373482,0.001717275648843497,3.9026952322274155e-05,0.009644299180364555,0.015209960751235485,0.08468547743077227,0.0,0.4867187440395355
18,73728,915.8837622701636,76,0.0,0.0,0.0,0.0,820.0,180.0,640.0,1000.0,1.9437054097652435,0.011612504604272544,0.0022902089112903923,2.4120611897160416e-05,0.004080021077272561,0.0,0.0,0.0,0.0
19,77824,969.3728428186643,80,0.0,0.0,0.0,0.0,820.0,180.0,640.0,1000.0,1.9442500323057175,0.008059255836997181,0.0014750826667295769,2.1329088554011832e-05,0.0056745502686841075,0.0,0.0,0.0,0.0
20,81920,956.5301179274763,84,0.0040478515438735485,0.022537483572005627,0.0,0.12953124940395355,819.34375,180.6920047648415,619.0,1000.0,1.9436361193656921,0.0060051253967685625,0.0007909256801212905,4.6232118393163546e-05,0.006797261894679778,0.0040478515438735485,0.022537483572005627,0.0,0.12953124940395355
21,86016,957.5051830796733,89,0.0040478515438735485,0.022537483572005627,0.0,0.12953124940395355,819.34375,180.6920047648415,619.0,1000.0,1.9440047219395638,0.004441283643245697,0.0007554644007541356,2.2404373112294707e-05,0.0042645097741254925,0.0040478515438735485,0.022537483572005627,0.0,0.12953124940395355
22,90112,971.7833476811053,93,0.0040478515438735485,0.022537483572005627,0.0,0.12953124940395355,819.34375,180.6920047648415,619.0,1000.0,1.9443925395607948,0.003976678563049063,0.0007758459942124318,2.1958731963422906e-05,0.0034676587267387024,0.0040478515438735485,0.022537483572005627,0.0,0.12953124940395355
23,94208,945.8895930320331,97,0.00919785164296627,0.035894885787457344,0.0,0.1648000031709671,805.84375,178.3301203833427,619.0,1000.0,1.9443333819508553,0.0043423490424174815,-0.00010251939511363162,6.23184412233968e-05,0.010438390767457971,0.00919785164296627,0.035894885787457344,0.0,0.1648000031709671
24,98304,953.5869481704896,102,0.012519726529717445,0.03961584325222693,0.0,0.1648000031709671,816.875,178.6478291919608,619.0,1000.0,1.9443707540631294,0.0035542680343496613,0.0007580002020404208,4.2462237615836784e-05,0.008875393668342231,0.012519726529717445,0.03961584325222693,0.0,0.1648000031709671
25,102400,911.8397714417464,106,0.014760937541723251,0.04743020023771824,0.0,0.20125000178813934,815.28125,180.62257513510735,568.0,1000.0,1.9437941163778305,0.004848957556532696,4.127854663238395e-05,7.649330791537068e-05,0.0066485188301306074,0.014760937541723251,0.04743020023771824,0.0,0.20125000178813934
26,106495,977.7950158369281,4,0.0,0.0,0,0,0.0,0.0,0,0,1.9447377994656563,0.003405952171306126,0.000558812584131374,1.1063324791393825e-05,0.004882973862455902,0.0,0.0,0,0
27,110591,957.5647429334333,8,0.0,0.0,0,0,0.0,0.0,0,0,1.9448420703411102,0.004222611780278385,0.0007213523367681773,1.1666934710774512e-05,0.005103874712563607,0.0,0.0,0,0
28,114687,1015.8350966602836,12,0.0,0.0,0,0,0.0,0.0,0,0,1.9450304210186005,0.005239588252152316,0.0010537298294366337,9.961294381355401e-06,0.0036669642908349087,0.0,0.0,0,0
29,118783,1095.5455076361634,16,0.02177734300494194,0.1212511143000414,0.0,0.6968749761581421,15.15625,84.38642862414252,0.0,485.0,1.940805308520794,0.007369686310994439,-0.0022233926683838945,0.000699484549841145,0.02573043840911436,0.02177734300494194,0.1212511143000414,0.0,0.6968749761581421
30,122879,1107.6507518349554,20,0.040644530206918716,0.15784540425643512,0.0,0.6968749761581421,34.96875,136.708056724677,0.0,634.0,1.9381626397371292,0.004365275719464989,-0.002723262608924415,0.0006106102482590359,0.027214034882652643,0.040644530206918716,0.15784540425643512,0.0,0.6968749761581421
31,126975,1029.940390337191,24,0.058769529685378075,0.183373365721936,0.0,0.6968749761581421,55.96875,175.7595097667193,0.0,672.0,1.9395690113306046,0.001756574958562851,-0.003228294935070153,0.0006613380110138678,0.03055236266859293,0.058769529685378075,0.183373365721936,0.0,0.6968749761581421
32,131071,1024.3281080277288,28,0.09089843556284904,0.21291812345306071,0.0,0.6968749761581421,104.5625,246.72681470352995,0.0,783.0,1.9421772584319115,0.012474971925257705,0.0007407440534734633,0.0002961879490612773,0.0225719509686785,0.09089843556284904,0.21291812345306071,0.0,0.6968749761581421
33,135167,1045.2398322882275,32,0.12912109214812517,0.2524724316766088,0.0,0.8462499976158142,143.40625,290.1654548889952,0.0,997.0,1.9379761591553688,0.015286998583178502,-0.0018559257869128487,0.000999920875983662,0.03891112792609351,0.12912109214812517,0.2524724316766088,0.0,0.8462499976158142
34,139263,982.348087345705,36,0.12912109214812517,0.2524724316766088,0.0,0.8462499976158142,143.40625,290.1654548889952,0.0,997.0,1.9407713860273361,0.026491801370866597,0.004858630636590533,0.0002112677038894617,0.01494403413439973,0.12912109214812517,0.2524724316766088,0.0,0.8462499976158142
35,143359,1010.2586837040623,40,0.15880859177559614,0.26918402785257517,0.0,0.8462499976158142,195.90625,344.3574958686648,0.0,1200.0,1.9381926283240318,0.02385937189683318,-0.00042678294994402677,0.0006052492290109512,0.03627687494908555,0.15880859177559614,0.26918402785257517,0.0,0.8462499976158142
36,147455,966.8719559692838,44,0.16328124795109034,0.2676930941295879,0.0,0.8462499976158142,238.75,398.3698815171649,0.0,1371.0,1.9421850815415382,0.00793459836859256,0.00034706416499830084,0.0001361240736059699,0.009676085149483442,0.16328124795109034,0.2676930941295879,0.0,0.8462499976158142
37,151551,957.837660222288,48,0.12580078025348485,0.2371660475577072,0.0,0.8462499976158142,1283.71875,320.7405721894838,246.0,1440.0,1.9436792731285095,0.00915529951453209,0.0015621808324794983,5.555490565711807e-05,0.007803234757795611,0.12580078025348485,0.2371660475577072,0.0,0.8462499976158142
38,155647,872.3151508738425,53,0.15736328181810677,0.30280999096298045,0.0,0.8881250023841858,1233.21875,426.6165384727103,179.0,1440.0,1.935169130563736,0.019673346600029618,-0.009473834797972813,0.0027701272629201412,0.029618454640747062,0.15736328181810677,0.30280999096298045,0.0,0.8881250023841858
39,159743,983.1363469419591,57,0.15587890637107193,0.2995280655599133,0.0,0.8881250023841858,1235.59375,421.29234648986625,179.0,1440.0,1.9370418787002563,0.022167183400597423,-0.002283778987475671,0.001034837569022784,0.020230615370373357,0.15587890637107193,0.2995280655599133,0.0,0.8881250023841858
40,163839,984.7833863599469,61,0.16976562538184226,0.31537284065127236,0.0,0.8881250023841858,1213.375,444.2059453395463,179.0,1440.0,1.9278959557414055,0.03149203967768699,-0.0029316264335648157,0.001490011087298626,0.024128552249838293,0.16976562538184226,0.31537284065127236,0.0,0.8881250023841858
41,167935,973.6896723101236,66,0.18341796845197678,0.3289086614992208,0.0,0.8881250023841858,1186.53125,459.68535328356666,179.0,1440.0,1.9371509477496147,0.022361628827638924,0.0033865112709463574,0.0006422461274269153,0.018356594946221914,0.18341796845197678,0.3289086614992208,0.0,0.8881250023841858
42,172031,978.4861373715008,70,0.18341796845197678,0.3289086614992208,0.0,0.8881250023841858,1186.53125,459.68535328356666,179.0,1440.0,1.9423827975988388,0.022809207090176642,0.0037714895006502047,8.041431783567532e-05,0.0070103362837653635,0.18341796845197678,0.3289086614992208,0.0,0.8881250023841858
43,176127,966.3269169599934,74,0.19843749981373549,0.33115612593215366,0.0,0.8881250023841858,1167.5,461.4009238178875,179.0,1440.0,1.9398977607488632,0.020530652021989226,0.0010780807651826763,0.00015798578124304186,0.008778929304016941,0.19843749981373549,0.33115612593215366,0.0,0.8881250023841858
44,180223,974.7439084282969,78,0.21595703158527613,0.33500189458479696,0.0,0.8881250023841858,1144.46875,465.59894117516797,179.0,1440.0,1.935743659734726,0.01916969707235694,0.001242550550159649,0.00033547932343935827,0.02140743963493075,0.21595703158527613,0.33500189458479696,0.0,0.8881250023841858
45,184319,864.7488383309536,83,0.25367187615484,0.3348276278724996,0.0,0.8881250023841858,1099.125,464.8216559875411,179.0,1440.0,1.9315936416387558,0.023649416165426373,-0.0010340807984903222,0.0010135542743228143,0.0190120818885848,0.25367187615484,0.3348276278724996,0.0,0.8881250023841858
46,188415,987.4109992215601,87,0.29761718865484,0.34553073756872027,0.0,0.8881250023841858,1038.8125,480.6925627090043,179.0,1440.0,1.935558594763279,0.01945819047978148,-0.0024543651252315613,0.0012169482233730378,0.018333893693871915,0.29761718865484,0.34553073756872027,0.0,0.8881250023841858
47,192511,991.0103591366976,91,0.3212500005029142,0.3400438707652355,0.0,0.8881250023841858,1011.0,474.64447221051677,179.0,1440.0,1.933171071112156,0.014307783567346632,-0.0015931593552522827,0.0006328106483124429,0.011009693892554594,0.3212500005029142,0.3400438707652355,0.0,0.8881250023841858
48,196607,969.4446650258211,96,0.21535156248137355,0.30948746854641374,0.0,0.9300000071525574,1155.4375,426.9551306563138,112.0,1440.0,1.932108424603939,0.021728455845732242,-0.0039835781790316105,0.0015325659805967007,0.028283774846415394,0.21535156248137355,0.30948746854641374,0.0,0.9300000071525574
49,200703,983.2717858887062,100,0.23148437635973096,0.32097948038546664,0.0,0.9300000071525574,1134.625,446.7157758295536,112.0,1440.0,1.9318077340722084,0.019443937460891902,-0.0012356084371276665,0.0007295814048120519,0.017726375808913307,0.23148437635973096,0.32097948038546664,0.0,0.9300000071525574
50,204799,1012.8475910403928,104,0.23523437557742,0.32454940835094753,0.0,0.9300000071525574,1128.625,452.0115976111675,112.0,1440.0,1.934763342142105,0.01538592274300754,-0.0027446721032902133,0.0007279245892277686,0.017347094221383696,0.23523437557742,0.32454940835094753,0.0,0.9300000071525574
51,208894,956.8930428834493,4,0.0,0.0,0,0,0.0,0.0,0,0,1.9416488856077194,0.014735304343048483,0.002133167516149115,5.1930973313574214e-05,0.004144527122149038,0.0,0.0,0,0
52,212990,966.8875733064509,8,0.027812499552965164,0.15485344385222535,0.0,0.8899999856948853,5.5,30.62270399556512,0.0,176.0,1.936703659594059,0.015338459255872294,-0.001097271609978634,0.0007730163106316468,0.019165610287007022,0.027812499552965164,0.15485344385222535,0.0,0.8899999856948853
53,217086,1009.4086761392774,12,0.027812499552965164,0.15485344385222535,0.0,0.8899999856948853,5.5,30.62270399556512,0.0,176.0,1.9375080987811089,0.012620178982615471,0.0017004154906317126,7.63390371503192e-05,0.004915621684311771,0.027812499552965164,0.15485344385222535,0.0,0.8899999856948853
54,221182,974.1976394410376,17,0.050117187201976776,0.195349334954279,0.0,0.8899999856948853,19.8125,84.44281996564303,0.0,458.0,1.938010796904564,0.019282577151898295,-0.0035982585068268236,0.000904522788914619,0.015213774380288966,0.050117187201976776,0.195349334954279,0.0,0.8899999856948853
55,225278,1021.8218427561231,21,0.09113281220197678,0.24354886600264974,0.0,0.8899999856948853,54.1875,153.53856142269277,0.0,586.0,1.9404247850179672,0.01402119590784423,-0.0011248508490098175,0.0004960721244060551,0.012180281172791352,0.09113281220197678,0.24354886600264974,0.0,0.8899999856948853
56,229374,978.3372493126958,25,0.09113281220197678,0.24354886600264974,0.0,0.8899999856948853,54.1875,153.53856142269277,0.0,586.0,1.943737342953682,0.01427725877147168,0.002647777975653298,6.075577812225674e-05,0.004576592389050931,0.09113281220197678,0.24354886600264974,0.0,0.8899999856948853
57,233470,924.6258027029419,29,0.10582031216472387,0.251647424165955,0.0,0.8899999856948853,80.6875,206.08712318762178,0.0,848.0,1.9415193945169449,0.015132090367842466,0.0004230205045132607,0.00029902538835813175,0.005164271887933529,0.10582031216472387,0.251647424165955,0.0,0.8899999856948853
58,237566,1010.42743076108,33,0.10582031216472387,0.251647424165955,0.0,0.8899999856948853,80.6875,206.08712318762178,0.0,848.0,1.9439845383167267,0.010948912473395467,0.0017786467942642048,2.0145746134403453e-05,0.002209344049131177,0.10582031216472387,0.251647424165955,0.0,0.8899999856948853
59,241662,963.6436678845802,38,0.10582031216472387,0.251647424165955,0.0,0.8899999856948853,80.6875,206.08712318762178,0.0,848.0,1.9446403831243515,0.00950005481718108,0.0015001718857092783,1.3184084934891871e-05,0.0012975847441114691,0.10582031216472387,0.251647424165955,0.0,0.8899999856948853
60,245758,932.5237494926853,42,0.10582031216472387,0.251647424165955,0.0,0.8899999856948853,80.6875,206.08712318762178,0.0,848.0,1.9448982253670692,0.008244928118074313,0.0013984844990773126,8.277128529243782e-06,0.001130624268913904,0.10582031216472387,0.251647424165955,0.0,0.8899999856948853
61,249854,940.3163419029389,46,0.10582031216472387,0.251647424165955,0.0,0.8899999856948853,80.6875,206.08712318762178,0.0,848.0,1.9450624734163284,0.007062095188302919,0.0012459576573746745,4.136991194059192e-06,0.0007398404515788863,0.10582031216472387,0.251647424165955,0.0,0.8899999856948853
62,253950,944.2291678128403,51,0.10582031216472387,0.25164742416595504,0.0,0.8899999856948853,1295.6875,346.08709502630984,176.0,1440.0,1.9451141133904457,0.0056191042240243405,0.0016040177724789828,6.750778339892349e-06,0.0008229118111757008,0.10582031216472387,0.25164742416595504,0.0,0.8899999856948853
63,258046,779.4423280876496,56,0.07800781261175871,0.20901201286828086,0.0,0.7137500047683716,1335.1875,282.2918965251217,458.0,1440.0,1.9452193528413773,0.005147120071342215,0.0009902167948894203,5.001505456903033e-06,0.0007689236618074633,0.07800781261175871,0.20901201286828086,0.0,0.7137500047683716
64,262142,956.1242049304773,60,0.08089843671768904,0.21822106194003263,0.0,0.8062499761581421,1330.5625,297.4320234839383,310.0,1440.0,1.9403577372431755,0.008112429713946767,-0.002710887611101498,0.0006449398986205779,0.009323850966336172,0.08089843671768904,0.21822106194003263,0.0,0.8062499761581421
65,266238,953.1145186909788,65,0.04535156162455678,0.16160789443068338,0.0,0.8062499761581421,1382.4375,219.07004266615277,310.0,1440.0,1.940584771335125,0.008685768058057874,0.0007525854562118184,0.00012887839830000303,0.005119045234813046,0.04535156162455678,0.16160789443068338,0.0,0.8062499761581421
66,270334,985.3410862716853,69,0.030664061661809683,0.1425849432497111,0.0,0.8062499761581421,1400.9375,197.0463044407329,310.0,1440.0,1.944332331418991,0.005649869242915884,0.0010504132260393817,1.8213454239912608e-05,0.0012313329148199137,0.030664061661809683,0.1425849432497111,0.0,0.8062499761581421
67,274430,945.0328920707561,73,0.057949218433350325,0.204293885771474,0.0,0.8731250166893005,1362.28125,286.58454624846314,203.0,1440.0,1.9417871087789536,0.00852359036798589,-0.0025437736080675677,0.0004475580576581706,0.009594925471765142,0.057949218433350325,0.204293885771474,0.0,0.8731250166893005
68,278526,948.8363540304396,77,0.057949218433350325,0.204293885771474,0.0,0.8731250166893005,1362.28125,286.58454624846314,203.0,1440.0,1.9446671828627586,0.004088475427124649,0.0009976683613786008,1.0217319839966876e-05,0.0016667818208561383,0.057949218433350325,0.204293885771474,0.0,0.8731250166893005
69,282622,954.2018071098018,82,0.07093749986961484,0.21321404583717332,0.0,0.8731250166893005,1346.5,295.6318445296447,203.0,1440.0,1.9426807016134262,0.007739129156107083,-0.0008464241072942968,0.0003021853403879504,0.008262768612094922,0.07093749986961484,0.21321404583717332,0.0,0.8731250166893005
70,286718,805.5159028242222,87,0.07093749986961484,0.21321404583717332,0.0,0.8731250166893005,1346.5,295.6318445296447,203.0,1440.0,1.9427539482712746,0.0025153478200081736,0.00021925509099673945,2.909330157763179e-05,0.002951695262672829,0.07093749986961484,0.21321404583717332,0.0,0.8731250166893005
71,290814,938.876960385102,91,0.07792968722060323,0.21443839200607034,0.0,0.8731250166893005,1340.3125,295.68220244673165,203.0,1440.0,1.9424870163202286,0.00397191614320036,-0.00015099075881153112,9.423977633105096e-05,0.004040865529681997,0.07792968722060323,0.21443839200607034,0.0,0.8731250166893005
72,294910,946.2179076021642,95,0.07792968722060323,0.21443839200607034,0.0,0.8731250166893005,1340.3125,295.68220244673165,203.0,1440.0,1.9412650242447853,0.003265518222178798,-0.0006068524371585227,7.883308421696711e-05,0.004214315872928174,0.07792968722060323,0.21443839200607034,0.0,0.8731250166893005
73,299006,943.1268849094267,100,0.06652343808673322,0.17196510251058866,0.0,0.8731250166893005,1368.5625,231.23566678553289,203.0,1440.0,1.9384027272462845,0.006109307156293653,0.0007890257520557498,0.00018233176842841203,0.006254766842601921,0.06652343808673322,0.17196510251058866,0.0,0.8731250166893005
74,303102,948.0570165169014,104,0.06652343808673322,0.17196510251058866,0.0,0.8731250166893005,1368.5625,231.23566678553289,203.0,1440.0,1.944985993206501,0.001908530633954797,0.0004734245544568694,4.244757334959104e-06,0.0009058878438907466,0.06652343808673322,0.17196510251058866,0.0,0.8731250166893005
75,307198,960.9675923237905,108,0.06652343808673322,0.17196510251058866,0.0,0.8731250166893005,1368.5625,231.23566678553289,203.0,1440.0,1.9454311355948448,0.0017839809079305269,0.0002406718340353109,1.6988749749202725e-06,0.0004386384826843073,0.06652343808673322,0.17196510251058866,0.0,0.8731250166893005
76,311293,916.7581128641353,4,0.0,0.0,0,0,0.0,0.0,0,0,1.945531852543354,0.0016186061257030815,0.00023233804404299008,1.016002638465352e-06,0.00027659320644032425,0.0,0.0,0,0
77,315389,1006.1595344268774,8,0.0,0.0,0,0,0.0,0.0,0,0,1.9456017464399338,0.0014221953533706255,0.00025801133779168595,7.213397132943555e-07,0.0002636615040244642,0.0,0.0,0,0
78,319485,1078.2595292539122,12,0.02412109449505806,0.13430057032203968,0.0,0.7718750238418579,11.40625,63.50731226352994,0.0,365.0,1.9436577036976814,0.004513094518188154,-0.0031266527839761693,0.000641231110876106,0.006976605047840478,0.02412109449505806,0.13430057032203968,0.0,0.7718750238418579
79,323581,1098.7946862191357,16,0.02412109449505806,0.13430057032203968,0.0,0.7718750238418579,11.40625,63.50731226352994,0.0,365.0,1.9450081065297127,-0.00011216997791052563,1.1859241112688323e-05,1.0272336908201396e-05,0.0016456302848080675,0.02412109449505806,0.13430057032203968,0.0,0.7718750238418579
80,327677,1079.1297841208925,20,0.02412109449505806,0.13430057032203968,0.0,0.7718750238418579,11.40625,63.50731226352994,0.0,365.0,1.945421315729618,0.0009753328886290547,6.371270433191967e-05,3.688945881208383e-06,0.0005458627417229056,0.02412109449505806,0.13430057032203968,0.0,0.7718750238418579
81,331773,1067.1902099026315,24,0.02412109449505806,0.13430057032203968,0.0,0.7718750238418579,11.40625,63.50731226352994,0.0,365.0,1.9456046745181084,0.0011395387846278027,0.00013036270024713303,2.5605820752616637e-06,0.00041956800741437065,0.02412109449505806,0.13430057032203968,0.0,0.7718750238418579
82,335869,950.2871672420797,28,0.02412109449505806,0.13430057032203968,0.0,0.7718750238418579,11.40625,63.50731226352994,0.0,365.0,1.9434175491333008,0.003868673666147515,-0.0015566673446301138,0.00024117942928114644,0.003961570814854208,0.02412109449505806,0.13430057032203968,0.0,0.7718750238418579
83,339965,910.3596851085323,32,0.03763671964406967,0.1518138849522447,0.0,0.7718750238418579,39.78125,168.36042705587766,0.0,908.0,1.9444267377257347,0.005585282517131418,0.0006994512059463887,5.912529360330154e-06,0.0010469626050918842,0.03763671964406967,0.1518138849522447,0.0,0.7718750238418579
84,344061,1054.1397009582927,36,0.04669921938329935,0.15783309566628725,0.0,0.7718750238418579,75.28125,254.14270528275546,0.0,1136.0,1.944036826491356,0.006268637196626514,-0.00023347548119545536,0.000140065026243974,0.003388846610724909,0.04669921938329935,0.15783309566628725,0.0,0.7718750238418579
85,348157,1009.9887462410995,40,0.04669921938329935,0.15783309566628725,0.0,0.7718750238418579,75.28125,254.14270528275546,0.0,1136.0,1.9453998357057571,0.003257883116020821,0.00047992615145631135,5.14644935378783e-06,0.0007461000532837925,0.04669921938329935,0.15783309566628725,0.0,0.7718750238418579
86,352253,1030.7759884725008,44,0.04669921938329935,0.15783309566628725,0.0,0.7718750238418579,75.28125,254.14270528275546,0.0,1136.0,1.943731501698494,0.004465305231860839,-8.315649552059767e-05,9.380903065903112e-05,0.0018631242521149863,0.04669921938329935,0.15783309566628725,0.0,0.7718750238418579
87,356349,1022.7344761059309,48,0.049902344355359674,0.1578929368693368,0.0,0.7718750238418579,1380.15625,210.3925066059566,365.0,1440.0,1.9449240118265152,0.0034513202554080635,0.0008180461718438892,1.3965741899824025e-05,0.0010681738061377342,0.049902344355359674,0.1578929368693368,0.0,0.7718750238418579
88,360445,1039.644474223338,52,0.03251953120343387,0.09590294636727306,0.0,0.4325000047683716,1407.96875,108.51972296977863,908.0,1440.0,1.9445879831910133,0.004404054969199933,-0.0002935142858859763,4.540901412042331e-05,0.0022025981246892304,0.03251953120343387,0.09590294636727306,0.0,0.4325000047683716
89,364541,1010.4062748707105,56,0.04376953165046871,0.14872919668495613,0.0,0.7925000190734863,1389.96875,199.54800242908345,332.0,1440.0,1.9387884587049484,0.007076010399032384,-0.0033150711280995893,0.0007741405579508864,0.008593353625491509,0.04376953165046871,0.14872919668495613,0.0,0.7925000190734863
90,368637,762.7021252159544,62,0.06134765758179128,0.20088708237146416,0.0,0.8525000214576721,1361.84375,280.4044076613945,236.0,1440.0,1.941947653889656,0.006379062688210979,-0.0026967026033162256,0.0006159056097203575,0.006697349123530794,0.06134765758179128,0.20088708237146416,0.0,0.8525000214576721
91,372733,986.7756231480944,66,0.06134765758179128,0.20088708237146416,0.0,0.8525000214576721,1361.84375,280.4044076613945,236.0,1440.0,1.9443927258253098,0.002124562594872259,-0.0009180600095533009,8.273130504221626e-05,0.002503292027373396,0.06134765758179128,0.20088708237146416,0.0,0.8525000214576721
92,376829,1003.1245514734978,70,0.07730468967929482,0.22262612471828,0.0,0.8525000214576721,1336.3125,308.297283224731,236.0,1440.0,1.9446994438767433,0.0013581314251496224,-0.0008148268025252037,8.664641671884965e-05,0.002731226216253197,0.07730468967929482,0.22262612471828,0.0,0.8525000214576721
93,380925,992.3409630956098,74,0.07730468967929482,0.22262612471828,0.0,0.8525000214576721,1336.3125,308.297283224731,236.0,1440.0,1.945496566593647,0.0005853476704942295,6.404113605640305e-05,2.065236472503784e-06,0.00033280242169297865,0.07730468967929482,0.22262612471828,0.0,0.8525000214576721
94,385021,998.4573300664118,78,0.07730468967929482,0.22262612471828003,0.0,0.8525000214576721,1336.3125,308.297283224731,236.0,1440.0,1.9457008317112923,0.00047167666707537137,-1.033157212759761e-05,9.474458906311156e-07,0.00022802054206896223,0.07730468967929482,0.22262612471828003,0.0,0.8525000214576721
95,389117,996.1594908716479,82,0.07730468967929482,0.22262612471828003,0.0,0.8525000214576721,1336.3125,308.297283224731,236.0,1440.0,1.9457568004727364,0.00025597844569347217,6.243094503588509e-05,6.81958910675462e-07,0.00017016623061386635,0.07730468967929482,0.22262612471828003,0.0,0.8525000214576721
96,393213,979.4728288861621,87,0.07730468967929482,0.22262612471828,0.0,0.8525000214576721,1336.3125,308.297283224731,236.0,1440.0,1.9434631168842316,0.003780841034313198,-0.002370114516452304,0.0005182814370527922,0.006315613170809967,0.07730468967929482,0.22262612471828,0.0,0.8525000214576721
97,397309,754.56525045081,92,0.09583984594792128,0.23002455698163443,0.0,0.8525000214576721,1316.65625,315.41011094436635,236.0,1440.0,1.9443134292960167,0.005130797318997793,0.0001166006800303876,0.00028832723774030455,0.0038677862740615528,0.09583984594792128,0.23002455698163443,0.0,0.8525000214576721
98,401405,982.4093173827273,96,0.06433593900874257,0.1920358277662105,0.0,0.8525000214576721,1357.0625,261.5044140999345,236.0,1440.0,1.9455696269869804,0.003297477829619311,0.001009403098578332,1.9099909138731164e-06,0.00041825779234158335,0.06433593900874257,0.1920358277662105,0.0,0.8525000214576721
99,405501,1002.7771057589438,100,0.06433593900874257,0.1920358277662105,0.0,0.8525000214576721,1357.0625,261.5044140999345,236.0,1440.0,1.945762075483799,0.0024795218923827633,0.000450792149422341,6.748102627796015e-07,0.00020214578115614065,0.06433593900874257,0.1920358277662105,0.0,0.8525000214576721
100,409597,1005.3049364710321,104,0.06433593900874257,0.1920358277662105,0.0,0.8525000214576721,1357.0625,261.5044140999345,236.0,1440.0,1.9458183273673058,0.0021181462943786755,0.0003517018722050125,2.0202724737572453e-07,9.939001945975569e-05,0.06433593900874257,0.1920358277662105,0.0,0.8525000214576721
101,413692,1132.1244935219977,3,0.0,0.0,0,0,0.0,0.0,0,0,1.9451636895537376,0.002317516664334107,0.00033152383980450395,3.234265230034339e-05,0.0021462483165193592,0.0,0.0,0,0
102,417788,1283.0958293914682,7,0.027460938319563866,0.15289603374554103,0.0,0.8787500262260437,6.0625,33.75457144965701,0.0,194.0,1.9436095729470253,0.005082535921246745,-0.0032022961268012295,0.0005994498953896255,0.0067577776588170265,0.027460938319563866,0.15289603374554103,0.0,0.8787500262260437
103,421884,1341.2511879688072,10,0.05160156264901161,0.20029281259492418,0.0,0.8787500262260437,17.4375,70.79942509477037,0.0,364.0,1.9425475969910622,0.005900681886487291,-0.002874779366720759,0.00048314600780940964,0.006583035680325863,0.05160156264901161,0.20029281259492418,0.0,0.8787500262260437
104,425980,1373.1313070407325,13,0.05160156264901161,0.20029281259492418,0.0,0.8787500262260437,17.4375,70.79942509477037,0.0,364.0,1.9306008592247963,0.01093473270884715,0.0004583405307130306,0.00018357450585426704,0.0029545103159370626,0.05160156264901161,0.20029281259492418,0.0,0.8787500262260437
105,430076,1339.115726669901,16,0.05160156264901161,0.20029281259492418,0.0,0.8787500262260437,17.4375,70.79942509477037,0.0,364.0,1.9286287128925323,0.007635611807927489,0.002615571313071996,0.00017963516620511655,0.008101690306574,0.05160156264901161,0.20029281259492418,0.0,0.8787500262260437
106,434172,1354.2058014366041,19,0.05160156264901161,0.20029281259492418,0.0,0.8787500262260437,17.4375,70.79942509477037,0.0,364.0,1.9447064846754074,0.0011373220877430867,0.0002096216007885232,1.1349669293281295e-05,0.0014650703445158197,0.05160156264901161,0.20029281259492418,0.0,0.8787500262260437
107,438268,1384.0013688667248,22,0.05160156264901161,0.20029281259492418,0.0,0.8787500262260437,17.4375,70.79942509477037,0.0,364.0,1.943426974117756,0.000909866579604568,0.0001781804112397367,3.0742741952138886e-07,0.0003425977091147315,0.05160156264901161,0.20029281259492418,0.0,0.8787500262260437
108,442364,1024.2848081964396,26,0.05160156264901161,0.20029281259492418,0.0,0.8787500262260437,17.4375,70.79942509477037,0.0,364.0,1.945022664964199,0.0007632933375134598,0.00012414290108608839,5.130176501388917e-07,0.00024885369010630776,0.05160156264901161,0.20029281259492418,0.0,0.8787500262260437
109,446460,1034.9365544723846,30,0.06195312552154064,0.20584143802461888,0.0,0.8787500262260437,50.875,196.23069172532618,0.0,1070.0,1.9449076354503632,0.00294972213669098,-0.000926735060829742,0.00012704685521214287,0.002511563457490048,0.06195312552154064,0.20584143802461888,0.0,0.8787500262260437
110,450556,1217.1954599822336,33,0.06195312552154064,0.20584143802461888,0.0,0.8787500262260437,50.875,196.23069172532618,0.0,1070.0,1.9457690566778183,-1.0839406058948953e-05,-0.00010865125386771979,1.7991969443187372e-06,0.00029810158852049465,0.06195312552154064,0.20584143802461888,0.0,0.8787500262260437
111,454652,1322.727196602336,36,0.06195312552154064,0.20584143802461888,0.0,0.8787500262260437,50.875,196.23069172532618,0.0,1070.0,1.9454225674271584,0.0004125628365727607,-5.1346847612876445e-05,3.7787233506669793e-06,0.000407557735753995,0.06195312552154064,0.20584143802461888,0.0,0.8787500262260437
112,458748,1337.4535612035243,39,0.06195312552154064,0.20584143802461888,0.0,0.8787500262260437,1355.875,286.17780203048596,194.0,1440.0,1.9458685293793678,-2.911739034061611e-05,1.3034145114332318e-05,2.1288861440371676e-07,0.00015852503590939082,0.06195312552154064,0.20584143802461888,0.0,0.8787500262260437
113,462844,1334.8278015513956,42,0.034492187201976776,0.14452638556141245,0.0,0.7724999785423279,1394.8125,196.00182357251168,364.0,1440.0,1.9458962082862854,3.388254398828394e-06,2.7502784831767713e-06,3.2870656085925987e-08,4.142899189571671e-05,0.034492187201976776,0.14452638556141245,0.0,0.7724999785423279
114,466940,1289.146235319154,45,0.034492187201976776,0.14452638556141245,0.0,0.7724999785423279,1394.8125,196.00182357251168,364.0,1440.0,1.9459009692072868,1.4885830694311153e-05,3.7656446494338525e-07,1.6461759039243518e-08,1.6939929309768226e-05,0.034492187201976776,0.14452638556141245,0.0,0.7724999785423279
115,471036,1303.3483930646469,49,0.01035156287252903,0.0576350628612615,0.0,0.33125001192092896,1428.4375,64.37727544522212,1070.0,1440.0,1.9458312690258026,9.795431833481416e-05,-4.1371194757999774e-05,2.4954537058974324e-07,9.677022823324145e-05,0.01035156287252903,0.0576350628612615,0.0,0.33125001192092896
116,475132,1287.6861253911527,52,0.01035156287252903,0.0576350628612615,0.0,0.33125001192092896,1428.4375,64.37727544522212,1070.0,1440.0,1.945881687104702,7.086522549570873e-05,2.4316728065798543e-05,4.8049893508483876e-08,0.0001373052236088004,0.01035156287252903,0.0576350628612615,0.0,0.33125001192092896
117,479228,947.7717613611695,56,0.01035156287252903,0.0576350628612615,0.0,0.33125001192092896,1428.4375,64.37727544522212,1070.0,1440.0,1.9459018260240555,5.017379680793965e-05,5.1143131756248295e-06,1.9587492627870517e-08,2.2142150212577388e-05,0.01035156287252903,0.0576350628612615,0.0,0.33125001192092896
118,483324,947.8108731065223,60,0.015175781212747097,0.08449517381443866,0.0,0.4856249988079071,1420.71875,107.35345662081636,823.0,1440.0,1.9442788287997246,0.0027867200806213077,-0.0019722420593097922,0.0001840648098152542,0.0023771592736238027,0.015175781212747097,0.08449517381443866,0.0,0.4856249988079071
119,487420,1211.2648192645875,64,0.015175781212747097,0.08449517381443866,0.0,0.4856249988079071,1420.71875,107.35345662081636,823.0,1440.0,1.945505440235138,0.0012218572010169737,0.00031893012260297837,2.3339097676711162e-06,0.0012641804342096966,0.015175781212747097,0.08449517381443866,0.0,0.4856249988079071
120,491516,1276.8646553293897,67,0.026503906585276127,0.103796566666012,0.0,0.4856249988079071,1407.59375,127.90178345487408,823.0,1440.0,1.9437775239348412,0.002764326247415738,-0.0006009970984450774,0.00014796846420495058,0.0024527000416066543,0.026503906585276127,0.103796566666012,0.0,0.4856249988079071
121,495612,1309.8772422192662,70,0.0347070312127471,0.11146715398381975,0.0,0.4856249988079071,1399.46875,133.71143938884774,823.0,1440.0,1.9451891481876373,0.0020588895640685223,-0.0010378610795669374,4.405792992656643e-05,0.0018053197683929826,0.0347070312127471,0.11146715398381975,0.0,0.4856249988079071
122,499708,1305.6105952550497,73,0.0347070312127471,0.11146715398381975,0.0,0.4856249988079071,1399.46875,133.71143938884774,823.0,1440.0,1.9458148553967476,0.0014600403374060988,0.00022527362625623937,1.0894089150781383e-06,0.00026340742571232,0.0347070312127471,0.11146715398381975,0.0,0.4856249988079071
123,503804,1286.4009450251847,77,0.0347070312127471,0.11146715398381975,0.0,0.4856249988079071,1399.46875,133.71143938884774,823.0,1440.0,1.9458847790956497,0.0011203249523532577,0.00034992902328667697,2.0965333025202426e-07,0.00011007170643699797,0.0347070312127471,0.11146715398381975,0.0,0.4856249988079071
124,507900,1294.4004536312918,80,0.0347070312127471,0.11146715398381975,0.0,0.4856249988079071,1399.46875,133.71143938884774,823.0,1440.0,1.9458941370248795,0.0009420697206223849,0.0001660064317547949,3.279431293190527e-08,4.1188355682649985e-05,0.0347070312127471,0.11146715398381975,0.0,0.4856249988079071
125,511996,1056.0676085123878,84,0.0347070312127471,0.11146715398381975,0.0,0.4856249988079071,1399.46875,133.71143938884774,823.0,1440.0,1.945899210870266,0.0008143222403305117,0.00014403459044842748,1.1647721759322494e-08,2.982790415292111e-05,0.0347070312127471,0.11146715398381975,0.0,0.4856249988079071
126,516091,1272.5814885390869,3,0.0,0.0,0,0,0.0,0.0,0,0,1.945900745689869,0.0007060454117890913,0.00012534999905255972,9.206055903709931e-09,1.809123919772797e-05,0.0,0.0,0,0
127,520187,1311.029373004967,6,0.0,0.0,0,0,0.0,0.0,0,0,1.94590213149786,0.0005896381953789387,0.0001036467560879828,3.2650719732074673e-09,1.2633651332454547e-05,0.0,0.0,0,0
128,524283,1036.7615753681919,10,0.0,0.0,0,0,0.0,0.0,0,0,1.9459027349948883,0.0005185158406675328,8.334374570040382e-05,6.8668382126324534e-09,1.2220132213930977e-05,0.0,0.0,0,0
129,528379,923.013192741988,14,0.0,0.0,0,0,0.0,0.0,0,0,1.945904292166233,0.0004360277707746718,7.599071477670805e-05,1.8968850899747647e-09,1.2740842654057393e-05,0.0,0.0,0,0
130,532475,1053.9411031387378,18,0.0,0.0,0,0,0.0,0.0,0,0,1.9459065049886703,0.00037783203879371285,6.664926036137331e-05,7.915763568927536e-09,1.8109554988210274e-05,0.0,0.0,0,0
131,536571,1112.4350977888403,22,0.0,0.0,0,0,0.0,0.0,0,0,1.9457321986556053,0.0005981294366392831,0.00010445618488574837,4.212970342365452e-06,0.001114411483089807,0.0,0.0,0,0
132,540667,1342.2594933939704,25,0.0,0.0,0,0,0.0,0.0,0,0,1.9457579925656319,-5.699751500287675e-05,2.1328304001144716e-05,2.8231705373471527e-07,0.0002778323911856182,0.0,0.0,0,0
133,544763,1364.685095245498,28,0.0,0.0,0,0,0.0,0.0,0,0,1.945907637476921,-8.753579686526791e-05,-1.2708078770629072e-05,1.010480091268029e-08,2.1966936539912502e-05,0.0,0.0,0,0
134,548859,1337.8865315619414,31,0.0,0.0,0,0,0.0,0.0,0,0,1.9456733241677284,-2.3844441313869424e-05,-3.121661393379327e-05,8.322760031154175e-08,9.553367775805001e-05,0.0,0.0,0,0
135,552955,1376.6080762957583,34,0.0,0.0,0,0,0.0,0.0,0,0,1.9458709508180618,-4.775336583406897e-05,-5.081892226144191e-06,7.10210293353164e-09,3.093921389306695e-05,0.0,0.0,0,0
136,557051,1345.1971424913663,37,0.0,0.0,0,0,0.0,0.0,0,0,1.9458787590265274,-2.7613970210893513e-05,-9.920290864329218e-07,4.150680441017407e-08,5.464106450522179e-05,0.0,0.0,0,0
137,561147,1061.835069181121,41,0.0,0.0,0.0,0.0,1435.0,0.0,1435.0,1435.0,1.9459045007824898,-1.70948489710554e-05,-3.4407501772193427e-06,2.098657124471881e-08,4.0736501800493354e-05,0.0,0.0,0.0,0.0
138,565243,1017.0265743134781,45,0.0,0.0,0.0,0.0,1435.0,0.0,1435.0,1435.0,1.9456143379211426,0.00035514738146957825,-0.00031539843098471465,1.3256388836424549e-05,0.0006128142897857985,0.0,0.0,0.0,0.0
139,569339,1032.602054617251,49,0.026742160320281982,0.1488940472163531,0.0,0.8557491302490234,1397.34375,209.661126787818,230.0,1435.0,1.9457857087254524,0.0001865181829998619,-0.00022064675342647888,8.258147193895837e-05,0.0002720215195793492,0.026742160320281982,0.1488940472163531,0.0,0.8557491302490234
140,573435,1103.9221588872226,53,0.026742160320281982,0.1488940472163531,0.0,0.8557491302490234,1397.34375,209.661126787818,230.0,1435.0,1.9459063559770584,5.694985770787753e-05,1.4851231568968615e-05,1.5807232189857245e-08,2.8594800237917297e-05,0.026742160320281982,0.1488940472163531,0.0,0.8557491302490234
141,577531,1321.8971063775173,56,0.026742160320281982,0.1488940472163531,0.0,0.8557491302490234,1397.34375,209.661126787818,230.0,1435.0,1.9457752332091331,0.00011432045403125812,1.5139737840286216e-05,7.730418225548874e-07,0.0001474553951378534,0.026742160320281982,0.1488940472163531,0.0,0.8557491302490234
142,581627,1319.4342536188524,59,0.026742160320281982,0.1488940472163531,0.0,0.8557491302490234,1397.34375,209.661126787818,230.0,1435.0,1.9459077045321465,0.0001479504553572042,2.4316000519775116e-05,2.7823704451535036e-08,4.032008821261681e-05,0.026742160320281982,0.1488940472163531,0.0,0.8557491302490234
143,585723,1320.760528917111,62,0.026742160320281982,0.1488940472163531,0.0,0.8557491302490234,1397.34375,209.661126787818,230.0,1435.0,1.9457028657197952,-0.00035467599104777037,0.0003771941684931335,1.8230479128078514e-05,0.0007523158708927745,0.026742160320281982,0.1488940472163531,0.0,0.8557491302490234
144,589819,1322.3834722667596,65,0.05284625384956598,0.17616183195762797,0.0,0.8557491302490234,1365.6875,238.12384350112862,230.0,1435.0,1.9410744905471802,0.0031130617935559712,-0.003078064797591651,0.00030916462242203124,0.00476780069598858,0.05284625384956598,0.17616183195762797,0.0,0.8557491302490234
145,593915,1072.2370732972615,69,0.05284625384956598,0.17616183195762797,0.0,0.8557491302490234,1365.6875,238.12384350112862,230.0,1435.0,1.9444339498877525,0.0025306267889391165,0.0005348746444724384,5.891178442141154e-05,0.0022589362569406047,0.05284625384956598,0.17616183195762797,0.0,0.8557491302490234
146,598011,909.8838064235532,74,0.05284625384956598,0.17616183195762797,0.0,0.8557491302490234,1365.6875,238.12384350112862,230.0,1435.0,1.9458200260996819,0.0008899427484720945,-0.00027568984631898275,1.3718406961515939e-05,0.0004441363987237838,0.05284625384956598,0.17616183195762797,0.0,0.8557491302490234
147,602107,944.1288113651992,78,0.05284625384956598,0.17616183195762797,0.0,0.8557491302490234,1365.6875,238.12384350112862,230.0,1435.0,1.945235624909401,0.000432688089858857,0.0002126489612237492,7.950342233442598e-07,0.00039308669802488676,0.05284625384956598,0.17616183195762797,0.0,0.8557491302490234
148,606203,1082.6914189371482,82,0.05284625384956598,0.17616183195762797,0.0,0.8557491302490234,1365.6875,238.12384350112862,230.0,1435.0,1.9445024207234383,0.00031264243079931475,7.819817301424337e-05,3.7753049575428577e-07,0.0002544079248843952,0.05284625384956598,0.17616183195762797,0.0,0.8557491302490234
149,610299,1285.2870606517965,85,0.05284625384956598,0.17616183195762797,0.0,0.8557491302490234,1365.6875,238.12384350112862,230.0,1435.0,1.9457709565758705,0.00018032199204753852,2.9303814315539967e-05,8.696336128988236e-08,0.00010316453650086807,0.05284625384956598,0.17616183195762797,0.0,0.8557491302490234
150,614395,1291.625577598982,88,0.03911803010851145,0.16231532584377967,0.0,0.8588849902153015,1382.59375,223.2084030921271,225.0,1435.0,1.9441548585891724,0.003172405828081537,-0.0028623561000813424,0.0007501845124622264,0.006657933234680072,0.03911803010851145,0.16231532584377967,0.0,0.8588849902153015
151,618490,959.6429198480915,4,0.029058702290058136,0.16179200704067284,0.0,0.9298784732818604,3.40625,18.96519736088976,0.0,109.0,1.93794596940279,0.00324827206259215,-0.004404020740821579,0.0010907016835517425,0.016854931751609084,0.029058702290058136,0.16179200704067284,0.0,0.9298784732818604
152,622586,966.7310962397701,8,0.05697149783372879,0.22069726576833962,0.0,0.9298784732818604,8.59375,34.03753385510619,0.0,166.0,1.9403482303023338,-0.0029909591685282066,-0.004060712541104294,0.0013154071539247525,0.011434856364119981,0.05697149783372879,0.22069726576833962,0.0,0.9298784732818604
153,626682,937.1355205922916,13,0.10871604643762112,0.2880640048930467,0.0,0.9298784732818604,25.3125,71.28088694559013,0.0,284.0,1.9355412647128105,0.01851583586540073,-0.005032363911595894,0.0017503277376818005,0.012577452265531358,0.10871604643762112,0.2880640048930467,0.0,0.9298784732818604
154,630778,1098.019305346027,16,0.10871604643762112,0.2880640048930467,0.0,0.9298784732818604,25.3125,71.28088694559013,0.0,284.0,1.9421615526080132,0.006565032032085583,0.0019763412965403404,0.0005298643372952938,0.017095701613289865,0.10871604643762112,0.2880640048930467,0.0,0.9298784732818604
155,634874,1293.0099697999342,20,0.1290698703378439,0.30232088739381097,0.0,0.9298784732818604,42.25,114.52838076214995,0.0,542.0,1.9395049884915352,0.009510244766715914,-0.000743459753721254,0.00048471779064129805,0.0069456995571771365,0.1290698703378439,0.30232088739381097,0.0,0.9298784732818604
156,638970,1310.9945574997205,23,0.232789047062397,0.3570704361348453,0.0,0.9864903688430786,123.90625,231.90991777183118,0.0,757.0,1.9260273054242134,0.027567234123125672,-0.009281814855057746,0.0026212595657852944,0.01660313310885719,0.232789047062397,0.3570704361348453,0.0,0.9864903688430786
157,643066,1346.634112884698,26,0.2781808450818062,0.37576088156951365,0.0,0.9864903688430786,150.5,259.3882225545331,0.0,815.0,1.9191232770681381,0.022149003227241337,0.0010191035016759997,0.0008240505285357358,0.011940874412426139,0.2781808450818062,0.37576088156951365,0.0,0.9864903688430786
158,647162,1001.4459978374897,30,0.3123034331947565,0.3653424528863651,0.0,0.9864903688430786,243.1875,349.9266385169183,0.0,1007.0,1.938149355351925,0.01662181835854426,-0.0018320540766580962,0.0010626922994561028,0.00906134718665039,0.3123034331947565,0.3653424528863651,0.0,0.9864903688430786
159,651258,979.7582113972753,34,0.3456531474366784,0.3649132638549877,0.0,0.9864903688430786,288.5,374.7961946178216,0.0,1110.0,1.9382293373346329,0.01711348892422393,-0.002373596382312826,0.0008833904785205959,0.005879546669964597,0.3456531474366784,0.3649132638549877,0.0,0.9864903688430786
160,655354,988.0155438227337,38,0.3890546839684248,0.3677328306169866,0.0,0.9864903688430786,318.1875,381.80978882651766,0.0,1110.0,1.9331550002098083,0.023328496026806533,-0.0035391522487771,0.001459460396290524,0.009935660466035752,0.3890546839684248,0.3677328306169866,0.0,0.9864903688430786
161,659450,986.6087903837185,42,0.23704655352048576,0.33299950641700904,0.0,0.9864903688430786,1098.53125,457.6561881188077,21.0,1399.0,1.926484726369381,0.029782613506540656,-0.001746817570165149,0.001782408664439572,0.015142407002394545,0.23704655352048576,0.33299950641700904,0.0,0.9864903688430786
162,663546,1023.6754568961126,46,0.22637151624076068,0.31329986558383954,0.0,0.976840615272522,1115.125,426.1303167752794,36.0,1399.0,1.9395332634449005,0.02134143398143351,0.0030076117836870253,0.00029747111420874717,0.004870562576088087,0.22637151624076068,0.31329986558383954,0.0,0.976840615272522
163,667642,1406.6195779028371,49,0.23295657779090106,0.3315905459383668,0.0,0.9414581656455994,1100.03125,452.39622320863543,91.0,1399.0,1.9292604550719261,0.03521859145257622,-0.005761077609349741,0.0024682686889718752,0.018099868864425273,0.23295657779090106,0.3315905459383668,0.0,0.9414581656455994
164,671738,1417.8294470233236,52,0.2504467486869544,0.35180461491825954,0.0,0.9414581656455994,1072.84375,482.724566223781,91.0,1399.0,1.926318496465683,0.030429408187046647,7.577308133477345e-05,0.0010632661396812182,0.014132640248733997,0.2504467486869544,0.35180461491825954,0.0,0.9414581656455994
165,675834,1425.5322726617587,55,0.27386749791912735,0.3707164296793919,0.0,0.9684774875640869,1036.4375,509.2342251790918,49.0,1399.0,1.9025813788175583,0.04753844114020467,-0.0011571045106393285,0.0029655405742232688,0.02440893336507856,0.27386749791912735,0.3707164296793919,0.0,0.9684774875640869
166,679930,1116.7231728127967,59,0.3523789346218109,0.38274994177372673,0.0,0.9877769947052002,928.96875,524.2872235458705,19.0,1399.0,1.894096978008747,0.06116435467265546,-0.0030200753317330964,0.0036703230143757537,0.027239305016996524,0.3523789346218109,0.38274994177372673,0.0,0.9877769947052002
167,684026,1074.254646311783,63,0.4348798282444477,0.37307207727541525,0.0,0.9877769947052002,820.15625,512.9914783268213,19.0,1399.0,1.8935937732458115,0.05205788603052497,-0.00010085303165396908,0.002678203527466394,0.02174881180723854,0.4348798282444477,0.37307207727541525,0.0,0.9877769947052002
168,688122,996.0462913429757,67,0.6512955706566572,0.2788483957485726,0.0,0.9877769947052002,527.46875,400.5349535601575,19.0,1399.0,1.877486191689968,0.0858571189455688,-0.012971827061846852,0.005914410226978362,0.04277888108002818,0.6512955706566572,0.2788483957485726,0.0,0.9877769947052002
169,692218,907.4584080068655,71,0.6494169943034649,0.30867233928689125,0.0,0.9877769947052002,525.53125,440.03941473854076,19.0,1399.0,1.8725088685750961,0.08085532253608108,-0.008672163967275992,0.004962174745742232,0.030082474751691648,0.6494169943034649,0.30867233928689125,0.0,0.9877769947052002
170,696314,961.2438514055641,76,0.7233671341091394,0.2906582331613299,0.0,0.9877769947052002,415.4375,416.4306618078813,19.0,1399.0,1.8699598461389542,0.10295746987685561,-0.012125568668125197,0.006994212657446042,0.0625680838378731,0.7233671341091394,0.2906582331613299,0.0,0.9877769947052002
171,700410,1326.7382959438182,79,0.7836065925657749,0.23944249670865475,0.0,0.9877769947052002,326.65625,340.9997809177265,19.0,1399.0,1.896546058356762,0.08633508672937751,-0.0021153630841581617,0.004963176907040179,0.03389375237240462,0.7836065925657749,0.23944249670865475,0.0,0.9877769947052002
172,704506,1399.301352673704,82,0.49591672606766224,0.4424231256533518,0.0,0.976840615272522,715.5625,611.6031667623623,36.0,1399.0,1.8835807740688324,0.1033399198204279,-0.0012872728148067836,0.0059727078914875165,0.04286753852407472,0.49591672606766224,0.4424231256533518,0.0,0.976840615272522
173,708602,1396.7138263608083,85,0.46137866098433733,0.4252374667752233,0.0,0.9736239910125732,769.25,587.6482791602474,41.0,1399.0,1.8546094223856926,0.1373739531263709,-0.02070278750034049,0.010754368180641904,0.06620190705765924,0.46137866098433733,0.4252374667752233,0.0,0.9736239910125732
174,712698,1042.4877797414076,88,0.723458718508482,0.3333926226493146,0.0,0.9845604300498962,410.4375,476.9838137649432,24.0,1399.0,1.8291681036353111,0.13220354449003935,-0.01275732830981724,0.010285900498274714,0.07835047513791611,0.723458718508482,0.3333926226493146,0.0,0.9845604300498962
175,716794,1051.1121673706357,92,0.8899928508326411,0.16319730648292505,0.1192995011806488,0.9845604300498962,171.0,253.68114829446827,24.0,1369.0,1.780082494020462,0.18769268412142992,-0.028432403167244047,0.011185279319761321,0.08755912304101969,0.8899928508326411,0.16319730648292505,0.1192995011806488,0.9845604300498962
176,720889,1273.3081222334706,3,0.29805575869977474,0.4423003715898342,0.0,0.989435076713562,21.875,38.512781969107344,0.0,126.0,1.8075072839856148,0.17350181005895138,-0.009742433321662247,0.009368145372718573,0.09051994444876281,0.29805575869977474,0.4423003715898342,0.0,0.989435076713562
177,724985,1267.7638036214487,6,0.6917071714997292,0.4008199531624976,0.0,0.989435076713562,88.28125,72.67832997831954,0.0,213.0,1.8228356093168259,0.17876476608216763,-0.015946268205880187,0.009066297323442996,0.07581904237448595,0.6917071714997292,0.4008199531624976,0.0,0.989435076713562
178,729081,946.7396575068816,10,0.8879952300339937,0.05071137233255154,0.7860601544380188,0.9755685925483704,169.625,76.7995564765839,37.0,324.0,1.8080363646149635,0.19094613008201122,-0.02129650325514376,0.010107045818585902,0.06900686251253936,0.8879952300339937,0.05071137233255154,0.7860601544380188,0.9755685925483704
179,733177,954.8191575974366,15,0.8645336590707302,0.09585137256983794,0.6672046780586243,0.9834923148155212,205.15625,145.16157148480275,25.0,504.0,1.7693234905600548,0.22870299220085144,-0.028279225924052298,0.012473149166908115,0.09979682280390992,0.8645336590707302,0.09585137256983794,0.6672046780586243,0.9834923148155212
180,737273,942.1396375641282,19,0.8869589153263304,0.10951152766494243,0.5991929769515991,0.9808510541915894,171.19444444444446,165.84913148274322,29.0,607.0,1.6695684865117073,0.3212688285857439,-0.06263480661436915,0.01760969846509397,0.1276944943727741,0.8869589153263304,0.10951152766494243,0.5991929769515991,0.9808510541915894
181,741369,912.2097703401496,24,0.9178246542811394,0.07602050458102533,0.5417461395263672,0.9854732155799866,124.45,115.12883001229537,22.0,694.0,1.636458620429039,0.37741162814199924,-0.062081440817564726,0.014344296650961041,0.1350066858222665,0.9178246542811394,0.07602050458102533,0.5417461395263672,0.9854732155799866
182,745465,990.3869579687066,28,0.9461359701774739,0.061373747430115935,0.5688188076019287,0.9881144762039185,81.57407407407408,92.94713787394141,18.0,653.0,1.56892891228199,0.4940974283963442,-0.05434339609928429,0.014623084338381886,0.1277436225634787,0.9461359701774739,0.061373747430115935,0.5688188076019287,0.9881144762039185
183,749561,1337.5448813955354,31,0.9338591378182173,0.08627549162617086,0.38921496272087097,0.9920762777328491,100.16666666666667,130.65943857559196,12.0,925.0,1.6097085997462273,0.5323595441877842,-0.033558286959305406,0.011265250272117555,0.1063254159728527,0.9338591378182173,0.08627549162617086,0.38921496272087097,0.9920762777328491
184,753657,1425.9982361645368,34,0.9524690044128289,0.031232675423900118,0.8045487999916077,0.989435076713562,71.98305084745763,47.300156421221175,16.0,296.0,1.5492539256811142,0.5843990929424763,-0.026311898487620056,0.008872790669556707,0.07394737691501399,0.9524690044128289,0.031232675423900118,0.8045487999916077,0.989435076713562
185,757753,1383.4798829782924,37,0.9547626634813705,0.02618259291494,0.8540719151496887,0.9900953769683838,68.50943396226415,39.652082503311384,15.0,221.0,1.5677137300372124,0.5945610478520393,-0.007892164165241411,0.007131953752832487,0.07542918966241738,0.9547626634813705,0.02618259291494,0.8540719151496887,0.9900953769683838
186,761849,994.7670790735255,41,0.9458778992033842,0.04226514677093474,0.7675715088844299,0.9881144762039185,81.96491228070175,64.00821353881783,18.0,352.0,1.5380546748638153,0.6048967242240906,-0.015743260621093214,0.0073095471889246255,0.0716079645101525,0.9458778992033842,0.04226514677093474,0.7675715088844299,0.9881144762039185
187,765945,984.2854697102747,45,0.9592285884751214,0.030460629539792644,0.8269992470741272,0.9881144762039185,61.74603174603175,46.13092763269519,18.0,262.0,1.4555746391415596,0.6412892453372478,-0.017967759515158832,0.007356163201620802,0.08422365371320328,0.9592285884751214,0.030460629539792644,0.8269992470741272,0.9881144762039185
188,770041,912.1217703515799,49,0.9619497425854207,0.03221335754469598,0.7477622628211975,0.989435076713562,57.625,48.785339754889485,16.0,382.0,1.43755454570055,0.676713552325964,-0.0198278030147776,0.006541093083797023,0.08614409682237696,0.9619497425854207,0.03221335754469598,0.7477622628211975,0.989435076713562
189,774137,946.3710461578089,54,0.9643607374868894,0.020475149504980063,0.8778430223464966,0.9900953769683838,53.973684210526315,31.008476635731366,15.0,185.0,1.4692354202270508,0.6773104704916477,-0.01949124049860984,0.005912703316425905,0.07662473648640895,0.9643607374868894,0.020475149504980063,0.8778430223464966,0.9900953769683838
190,778233,967.6416688600233,58,0.9623624338553503,0.027512972016724802,0.8190755844116211,0.9881144762039185,57.0,41.66687179436686,18.0,274.0,1.4083896204829216,0.7137852273881435,-0.003878923162119463,0.0048530015628784895,0.10224435270640367,0.9623624338553503,0.027512972016724802,0.8190755844116211,0.9881144762039185
191,782329,1312.2918828247336,61,0.9695860477815191,0.01472230928899152,0.8857666850090027,0.9887747764587402,46.06024096385542,22.296117441249375,17.0,173.0,1.396143153309822,0.7233882956206799,-0.007218330956675345,0.0049413779634051025,0.07326590484805931,0.9695860477815191,0.01472230928899152,0.8857666850090027,0.9887747764587402
192,786425,1322.0659711325698,64,0.9648836107997151,0.02181178771443998,0.861335277557373,0.9914159774780273,53.18181818181818,33.032737509076746,13.0,210.0,1.4489944353699684,0.7136247530579567,0.004161925578955561,0.004329707051510923,0.07276312105876814,0.9648836107997151,0.02181178771443998,0.861335277557373,0.9914159774780273
193,790521,1320.2046397323913,67,0.965476589428412,0.01851968001294418,0.8976522088050842,0.989435076713562,52.28378378378378,28.047026276956306,16.0,155.0,1.441757507622242,0.7147302590310574,0.005690377060091123,0.005025382386520505,0.07324523424839255,0.965476589428412,0.01851968001294418,0.8976522088050842,0.989435076713562
194,794617,1037.3973220332248,71,0.9651613520152533,0.015706366546525966,0.9194424152374268,0.9887747764587402,52.76119402985075,23.786418771586394,17.0,122.0,1.4676695317029953,0.6994428969919682,0.013084175909170881,0.004249457837431692,0.09613220974449876,0.9651613520152533,0.015706366546525966,0.9194424152374268,0.9887747764587402
195,798713,966.012963902722,76,0.9598862774670124,0.035173188320142934,0.817094624042511,0.9874541163444519,60.75,53.26783738805246,19.0,277.0,1.4797214567661285,0.7147100791335106,-0.003385994437849149,0.005229676840826869,0.08026792567536771,0.9598862774670124,0.035173188320142934,0.817094624042511,0.9874541163444519
196,802809,973.6637912195033,80,0.9641172257188249,0.017496490064737278,0.9055759310722351,0.9907556772232056,54.342465753424655,26.497463914874196,14.0,143.0,1.4887821972370148,0.7011886537075043,0.0010968179412884638,0.00447672966402024,0.06010030865067835,0.9641172257188249,0.017496490064737278,0.9055759310722351,0.9907556772232056
197,806905,955.1440365394857,84,0.9652821120009365,0.020175555640505837,0.87718266248703,0.9874541163444519,52.57831325301205,30.554758461240766,19.0,186.0,1.4596955552697182,0.7176351509988308,-0.008728363274713047,0.004635294695617631,0.07131916597120283,0.9652821120009365,0.020175555640505837,0.87718266248703,0.9874541163444519
198,811001,1013.1229424616681,88,0.9656809094624642,0.0184988968607417,0.9042553305625916,0.9887747764587402,51.97435897435897,28.015551706321954,17.0,145.0,1.4758375212550163,0.7158330120146275,-0.002280727137986105,0.004550944140646607,0.060644224067676354,0.9656809094624642,0.0184988968607417,0.9042553305625916,0.9887747764587402
199,815097,1337.0213912599538,91,0.9672550803207489,0.014688972903504379,0.9115186929702759,0.9887747764587402,49.59036144578313,22.24563644477749,17.0,134.0,1.4601491913199425,0.7208739668130875,-0.005698128890799126,0.004410523717524484,0.06373561249113811,0.9672550803207489,0.014688972903504379,0.9115186929702759,0.9887747764587402
200,819193,1323.5131594649054,94,0.9686982482671738,0.013303328369833932,0.9022743701934814,0.9874541163444519,47.404761904761905,20.147148591596828,19.0,148.0,1.4596160799264908,0.7240181230008602,-0.008938627172028646,0.004420796976774,0.062327016362225124,0.9686982482671738,0.013303328369833932,0.9022743701934814,0.9874541163444519
201,823288,897.0720600288851,4,0.9764193101933129,0.011179220160065336,0.9348907470703125,0.9925395846366882,34.76842105263158,16.48313500558035,11.0,96.0,1.4352869093418121,0.7539547383785248,-0.02322535589337349,0.004260407877154648,0.062344279668005,0.9764193101933129,0.011179220160065336,0.9348907470703125,0.9925395846366882
202,827384,929.3346602328234,9,0.9770598382949829,0.011617698847237196,0.9342125058174133,0.9938960075378418,33.824,17.129653353176767,9.0,97.0,1.368634432554245,0.790724866092205,-0.025695076677948236,0.0034727873135125265,0.06171219192380852,0.9770598382949829,0.011617698847237196,0.9342125058174133,0.9938960075378418
203,831480,967.4719806323925,13,0.9760200301451343,0.012908135869333223,0.9247174263000488,0.9925395846366882,35.357142857142854,19.032330173594996,11.0,111.0,1.405328594148159,0.7896489351987839,-0.00466092484202818,0.0034403123427182436,0.054385878444578546,0.9760200301451343,0.012908135869333223,0.9247174263000488,0.9925395846366882
204,835576,1026.2195833934902,17,0.9761850562522082,0.01462985674615715,0.875207245349884,0.9925395846366882,35.113821138211385,21.570909065665916,11.0,184.0,1.3940320536494255,0.7969376929104328,-0.006413642058760161,0.0031162205268628895,0.0581191011708759,0.9761850562522082,0.01462985674615715,0.875207245349884,0.9925395846366882
205,839672,1046.3190443514145,21,0.9764764240959234,0.011480078292347293,0.9294649362564087,0.9918613433837891,34.68421052631579,16.926733651122106,12.0,104.0,1.4287801161408424,0.7946876250207424,-0.0034751595740090124,0.003053651802474633,0.05253166471880489,0.9764764240959234,0.011480078292347293,0.9294649362564087,0.9918613433837891
206,843768,934.2031667009609,25,0.9783289554550891,0.011254230126064128,0.905727207660675,0.9925395846366882,31.95275590551181,16.593736731194618,11.0,139.0,1.3873779624700546,0.8088892363011837,-0.0060540022095665336,0.0030556101992260665,0.06595864070152539,0.9783289554550891,0.011254230126064128,0.905727207660675,0.9925395846366882
207,847864,852.1362759803721,30,0.9783085090482336,0.012086612583311557,0.883345901966095,0.9911831021308899,31.982905982905983,17.821039570808523,13.0,172.0,1.4114310666918755,0.7971327193081379,-0.0003419099666643888,0.002530613768612966,0.05011994516883145,0.9783085090482336,0.012086612583311557,0.883345901966095,0.9911831021308899
208,851960,903.931985913707,35,0.9749411940574646,0.017507841828109303,0.8351921439170837,0.9932177662849426,36.947826086956525,25.814334904824683,10.0,243.0,1.4399041309952736,0.7920955903828144,-0.0008206061138480436,0.0030639363249065354,0.05571765713305267,0.9749411940574646,0.017507841828109303,0.8351921439170837,0.9932177662849426
209,856056,908.8836746478512,39,0.9743367933620841,0.020368278463692872,0.8134890794754028,0.9932177662849426,37.83898305084746,30.031895569680366,10.0,275.0,1.4346681386232376,0.8003657348453999,0.004978961052984232,0.0031996933685149997,0.05383477497958199,0.9743367933620841,0.020368278463692872,0.8134890794754028,0.9932177662849426
210,860152,894.2144190518466,44,0.9752924598266031,0.014844359697969094,0.905727207660675,0.9925395846366882,36.429906542056074,21.88718404055009,11.0,139.0,1.441201038658619,0.7873445637524128,0.012397974001942202,0.003217067031073384,0.06791915258813194,0.9752924598266031,0.014844359697969094,0.905727207660675,0.9925395846366882
211,864248,911.8920430497002,48,0.9765402073742914,0.01542256285962968,0.8996232151985168,0.9932177662849426,34.59016393442623,22.739708210118312,10.0,148.0,1.3976814672350883,0.798653032630682,-0.004138656722716405,0.0030813508201390505,0.05558889450535289,0.9765402073742914,0.01542256285962968,0.8996232151985168,0.9932177662849426
212,868344,911.8648901053785,53,0.9752323577801386,0.01455632683861857,0.9165787696838379,0.9925395846366882,36.51851851851852,21.462491606366694,11.0,123.0,1.4623668119311333,0.7820998132228851,0.004834597995795775,0.0033220569603145123,0.05324415137759414,0.9752323577801386,0.01455632683861857,0.9165787696838379,0.9925395846366882
213,872440,908.027584375591,57,0.9739732540079525,0.017132200937263076,0.8758854269981384,0.9932177662849426,38.375,25.260473428998573,10.0,183.0,1.4542333036661148,0.7891600430011749,-7.505088979087304e-05,0.003186398564139381,0.05459099471901575,0.9739732540079525,0.017132200937263076,0.8758854269981384,0.9932177662849426
214,876536,876.1035870340578,62,0.9764245590593061,0.011762411840434297,0.9335342645645142,0.9925395846366882,34.76068376068376,17.34301976517372,11.0,98.0,1.415551021695137,0.7958735600113869,-0.006514109569252469,0.003028915627510287,0.05839235115716622,0.9764245590593061,0.011762411840434297,0.9335342645645142,0.9925395846366882
215,880632,906.8236456857853,67,0.9771032428741455,0.01037777258365477,0.944385826587677,0.9918613433837891,33.76,15.301450911596586,12.0,82.0,1.4028812646865845,0.7990091815590858,-0.006683262559818104,0.0024543892650399357,0.042250620576554834,0.9771032428741455,0.01037777258365477,0.944385826587677,0.9918613433837891
216,884728,910.696137823831,71,0.9780364756584168,0.011565549704768483,0.9233609437942505,0.9932177662849426,32.384,17.052757665550754,10.0,113.0,1.3689978793263435,0.8083967976272106,-0.006723248981870711,0.0028489709366112947,0.05802343959392705,0.9780364756584168,0.011565549704768483,0.9233609437942505,0.9932177662849426
217,888824,909.1270426872264,76,0.9789204390779618,0.010682241817926048,0.9301431775093079,0.9925395846366882,31.080645161290324,15.750369567703826,11.0,103.0,1.3659779354929924,0.8027317747473717,-0.003918261892977171,0.0028428221121430397,0.0501088978926482,0.9789204390779618,0.010682241817926048,0.9301431775093079,0.9925395846366882
218,892920,909.0760977627244,80,0.9781949269144159,0.012793546493916268,0.8935192227363586,0.9932177662849426,32.150375939849624,18.86337751138074,10.0,157.0,1.3789080157876015,0.8143067210912704,-0.0074954566662199795,0.002748798331595026,0.05862659659204596,0.9781949269144159,0.012793546493916268,0.8935192227363586,0.9932177662849426
219,897016,907.2901468384764,85,0.9772908851504326,0.012310233392029647,0.9281085133552551,0.9932177662849426,33.483333333333334,18.150749907985134,10.0,106.0,1.4104026108980179,0.8127808645367622,0.008629391293652589,0.002963898266898468,0.06503264752889683,0.9772908851504326,0.012310233392029647,0.9281085133552551,0.9932177662849426
220,901112,924.5676824216065,89,0.9763086224213625,0.012872851916686662,0.9152222871780396,0.9925395846366882,34.93162393162393,18.98029860064598,11.0,125.0,1.451739951968193,0.7965710647404194,0.003729322867002338,0.002824487062753178,0.05677820127190424,0.9763086224213625,0.012872851916686662,0.9152222871780396,0.9925395846366882
221,905208,879.5340084806564,94,0.9739646011469315,0.01730831747054751,0.8521476984024048,0.9925395846366882,38.38775510204081,25.52015316195051,11.0,218.0,1.4612020403146744,0.7731078267097473,0.011611099762376398,0.003676412074128166,0.06961217559304148,0.9739646011469315,0.01730831747054751,0.8521476984024048,0.9925395846366882
222,909304,915.5180469538569,98,0.9756120556642202,0.018752378308943517,0.858251690864563,0.9925395846366882,35.95867768595041,27.649338071139184,11.0,209.0,1.4365083128213882,0.7853434644639492,-0.007774657875415869,0.0038705035694874823,0.07003389371146769,0.9756120556642202,0.018752378308943517,0.858251690864563,0.9925395846366882
223,913400,915.0454367194125,103,0.9735098539046871,0.02180077885681308,0.8019593358039856,0.9925395846366882,39.05825242718446,32.14404027345239,11.0,292.0,1.4929866790771484,0.7630067132413387,0.0008913404963095672,0.004534316540230066,0.0661686744581992,0.9735098539046871,0.02180077885681308,0.8019593358039856,0.9925395846366882
224,917496,909.1869908639771,107,0.9750291190364144,0.01316143290484443,0.9186134338378906,0.9905049204826355,36.81818181818182,19.40580129669842,14.0,120.0,1.451509490609169,0.7843818329274654,0.00017556678949404159,0.003955904641770758,0.06196718893330784,0.9750291190364144,0.01316143290484443,0.9186134338378906,0.9905049204826355
225,921592,916.8743134531089,112,0.9763614995692803,0.023597627335073344,0.814167320728302,0.9911831021308899,34.853658536585364,34.7933931974498,13.0,274.0,1.4125791266560555,0.7940366007387638,-0.010600554887787439,0.004031875359942205,0.0629916503148697,0.9763614995692803,0.023597627335073344,0.814167320728302,0.9911831021308899
226,925687,912.0930057383191,4,0.9725470407099663,0.012554936599783873,0.9240124225616455,0.9888458847999573,39.379746835443036,18.00935326432348,16.0,109.0,1.453705444931984,0.7508649230003357,0.009638775416533463,0.004080226557562128,0.07000982706783279,0.9725470407099663,0.012554936599783873,0.9240124225616455,0.9888458847999573
227,929783,923.9101089926447,9,0.9678671513636088,0.014521120423071288,0.9100697040557861,0.9874516129493713,46.09278350515464,20.82973809627273,18.0,129.0,1.4541496634483337,0.7643568813800812,0.0027747815402108245,0.003204484877642244,0.05341067825767083,0.9678671513636088,0.014521120423071288,0.9100697040557861,0.9874516129493713
228,933879,961.7426273161282,13,0.9693091017443959,0.010401303617866942,0.940046489238739,0.9867544770240784,44.02439024390244,14.920092533679654,19.0,86.0,1.4546823650598526,0.7519885115325451,0.00767723769240547,0.002873444784199819,0.04846280242617199,0.9693091017443959,0.010401303617866942,0.940046489238739,0.9867544770240784
229,937975,946.4186449198058,17,0.9669481025801765,0.018916168060465584,0.8661502599716187,0.9916343688964844,47.41111111111111,27.13419099563601,12.0,192.0,1.4401184543967247,0.7591923289000988,0.0025736938223417383,0.00317763835482765,0.05378027307738474,0.9669481025801765,0.018916168060465584,0.8661502599716187,0.9916343688964844
230,942071,1007.9434045442753,21,0.9690120121934912,0.01723755359435904,0.8842757344245911,0.9909372329711914,44.45054945054945,24.726310112631364,13.0,166.0,1.4537326768040657,0.758012019097805,0.004923073560348712,0.0035918844951083884,0.05467395461850912,0.9690120121934912,0.01723755359435904,0.8842757344245911,0.9909372329711914
231,946167,970.8964060905168,26,0.967614252699746,0.01633674253272069,0.8605731725692749,0.9895429611206055,46.455555555555556,23.434144656941697,15.0,200.0,1.4618263691663742,0.7477239109575748,-0.0031058377426234074,0.0034099066688213497,0.05918227343114655,0.967614252699746,0.01633674253272069,0.8605731725692749,0.9895429611206055
232,950263,959.6180481063877,30,0.9678913070711979,0.020034190796773006,0.8187451362609863,0.9867544770240784,46.05813953488372,28.73793160298318,19.0,260.0,1.4972971081733704,0.7437802441418171,0.004319262272474589,0.003909393781214021,0.06288682231061068,0.9678913070711979,0.020034190796773006,0.8187451362609863,0.9867544770240784
233,954359,952.6092784517531,34,0.9630054235458374,0.02076674299498931,0.8898528218269348,0.9881487488746643,53.06666666666667,29.788737618249097,17.0,158.0,1.475354127585888,0.7230309545993805,0.011935536880628206,0.003906676865881309,0.07341454770526312,0.9630054235458374,0.02076674299498931,0.8898528218269348,0.9881487488746643
234,958455,940.8141874545471,39,0.9690839434924878,0.016941717213842956,0.9017041325569153,0.9888458847999573,44.34736842105263,24.301946389907744,16.0,141.0,1.4282746315002441,0.752795048058033,-0.012576590321259573,0.003890839434461668,0.05226519573365647,0.9690839434924878,0.016941717213842956,0.9017041325569153,0.9888458847999573
235,962551,939.0498538148425,43,0.9674723615700548,0.015901925984768958,0.8968241810798645,0.9881487488746643,46.65909090909091,22.810427421982993,17.0,148.0,1.4612211883068085,0.7398058921098709,-0.0005686951844836585,0.0038301444583339617,0.060662384226602334,0.9674723615700548,0.015901925984768958,0.8968241810798645,0.9881487488746643
236,966647,897.5952614968826,48,0.970085360036038,0.013260288637686402,0.9261037707328796,0.9881487488746643,42.91089108910891,19.021144570979914,17.0,106.0,1.4251558184623718,0.7663792781531811,-0.013742953247856349,0.0030545905901817605,0.058284245386285724,0.970085360036038,0.013260288637686402,0.9261037707328796,0.9881487488746643
237,970743,925.4223582774624,52,0.9710480284690857,0.013122223926148188,0.912161111831665,0.9895429611206055,41.53,18.823100169738247,15.0,126.0,1.4194563776254654,0.7707697078585625,-0.005317830440617399,0.0029428578418446705,0.048037894321830574,0.9710480284690857,0.013122223926148188,0.912161111831665,0.9895429611206055
238,974839,928.5249347054997,56,0.9718178439848494,0.012205255510045242,0.9163439273834229,0.9923315048217773,40.42574257425743,17.50776152332143,11.0,120.0,1.418494075536728,0.7713790945708752,-0.007109487829438876,0.002852409248589538,0.049868114539440976,0.9718178439848494,0.012205255510045242,0.9163439273834229,0.9923315048217773
239,978935,934.8671357036368,61,0.9688874590262938,0.011950334283009713,0.9219210147857666,0.9888458847999573,44.62921348314607,17.142090928584622,16.0,112.0,1.4298177883028984,0.76369833573699,0.00929805068881251,0.0030351573223015293,0.05202305358361817,0.9688874590262938,0.011950334283009713,0.9219210147857666,0.9888458847999573
240,983031,958.6440264248499,65,0.9698378316899563,0.014753154073291983,0.9093725681304932,0.9902400970458984,43.265957446808514,21.162580148729045,14.0,130.0,1.440581314265728,0.755212590098381,0.0015116274180400069,0.0035793421120615676,0.06362496848669802,0.9698378316899563,0.014753154073291983,0.9093725681304932,0.9902400970458984
241,987127,950.0649778607736,69,0.9703863287965456,0.013293989517978484,0.9184353351593018,0.9888458847999573,42.479166666666664,19.06948870068507,16.0,117.0,1.4447934031486511,0.7639826536178589,-0.0018448253977112472,0.0032796917512314394,0.05464630724286591,0.9703863287965456,0.013293989517978484,0.9184353351593018,0.9888458847999573
242,991223,933.8003956560884,74,0.9674421790100279,0.014109648027994158,0.912161111831665,0.9902400970458984,46.70238095238095,20.239506253332486,14.0,126.0,1.478899985551834,0.7413328289985657,0.0073446468013571575,0.0035916384804295376,0.06009338018900007,0.9674421790100279,0.014109648027994158,0.912161111831665,0.9902400970458984
243,995319,906.6851909104065,78,0.9673459472808432,0.027228759760283893,0.739271879196167,0.9881487488746643,46.840425531914896,39.05814083870825,17.0,374.0,1.4555378332734108,0.7535185180604458,0.0003904781879100483,0.0039765871479175985,0.06547457282038381,0.9673459472808432,0.027228759760283893,0.739271879196167,0.9881487488746643
244,999415,943.5853166900753,83,0.9659321582631061,0.016457360233995078,0.8989155888557434,0.9846630692481995,48.86842105263158,23.607170022141446,22.0,145.0,1.4800433441996574,0.7273940555751324,0.00783225669147214,0.0035557478695409372,0.06716810353799343,0.9659321582631061,0.016457360233995078,0.8989155888557434,0.9846630692481995
245,1003511,938.7862540099538,87,0.9638498231589075,0.018332709840193896,0.8954299092292786,0.9888458847999573,51.855421686746986,26.297250087634218,16.0,150.0,1.476006232202053,0.7275195978581905,-0.0019892996169801336,0.00350287722540088,0.06528240846116132,0.9638498231589075,0.018332709840193896,0.8954299092292786,0.9888458847999573
246,1007607,950.5569506077884,91,0.9666031816426446,0.014862731276171975,0.8982184529304504,0.9888458847999573,47.90588235294118,21.319763561988683,16.0,146.0,1.4710384383797646,0.7321918867528439,0.001849331943958532,0.0037851032393518835,0.06702610242724936,0.9666031816426446,0.014862731276171975,0.8982184529304504,0.9888458847999573
247,1011703,941.2798623858087,96,0.9668374955654144,0.01731303579419328,0.8933385014533997,0.9909372329711914,47.56976744186046,24.83458798553004,13.0,153.0,1.447115033864975,0.7435048930346966,-0.005736965307733044,0.0034984563681064174,0.05362771203325068,0.9668374955654144,0.01731303579419328,0.8933385014533997,0.9909372329711914
248,1015799,947.0472618769892,100,0.9684287309646606,0.01472735780802768,0.9051897525787354,0.9888458847999573,45.287234042553195,21.12557305803396,16.0,136.0,1.4587535858154297,0.7573612332344055,-0.0026360981228208402,0.0037239479570416734,0.06664501462680048,0.9684287309646606,0.01472735780802768,0.9051897525787354,0.9888458847999573
249,1019895,946.422503079615,104,0.9682674908343657,0.013192264770560258,0.9114639759063721,0.9874516129493713,45.51851851851852,18.923570194768313,18.0,127.0,1.452539548277855,0.7551312036812305,0.005366848337871488,0.003326643563923426,0.05754314039612894,0.9682674908343657,0.013192264770560258,0.9114639759063721,0.9874516129493713
250,1023991,898.7584422859546,109,0.969785914142081,0.012568402396204874,0.9072811603546143,0.9860573410987854,43.340425531914896,18.028672902558117,20.0,133.0,1.4649588838219643,0.754083838313818,-0.0018102437061315868,0.0032508980511920527,0.046848059551380467,0.969785914142081,0.012568402396204874,0.9072811603546143,0.9860573410987854
251,1028086,849.5925477407392,5,0.9627251002523635,0.018949097740272747,0.909641444683075,0.9870916604995728,51.977777777777774,26.423465067489527,18.0,126.0,1.5730652585625648,0.6757280454039574,0.03673184313811362,0.004253443563356996,0.0700574984866926,0.9627251002523635,0.018949097740272747,0.909641444683075,0.9870916604995728
252,1032182,951.9894533394443,9,0.9623566764896199,0.024562472661627217,0.8737848401069641,0.9899601340293884,52.49152542372882,34.25100413292668,14.0,176.0,1.5774217024445534,0.656071376055479,0.015978236158844084,0.00535290248808451,0.07606295586045325,0.9623566764896199,0.024562472661627217,0.8737848401069641,0.9899601340293884
253,1036278,984.9468353411477,13,0.9467410431967841,0.05218856284795504,0.7568924427032471,0.9856573939323425,74.26666666666667,72.77404909871528,20.0,339.0,1.6177079677581787,0.6229718662798405,0.0384848527610302,0.005343566241208464,0.08468398246246261,0.9467410431967841,0.05218856284795504,0.7568924427032471,0.9856573939323425
254,1040374,947.3844784043498,17,0.940536629180519,0.062898645066364,0.6815935969352722,0.9827888607978821,82.91836734693878,87.7086635552074,24.0,444.0,1.5862028524279594,0.617928046733141,0.017933820316102356,0.006648840848356485,0.07626616408600739,0.940536629180519,0.062898645066364,0.6815935969352722,0.9827888607978821
255,1044470,900.705112982206,22,0.9280732426237552,0.08816615266409733,0.6177689433097839,0.9856573939323425,100.29787234042553,122.942801939213,20.0,533.0,1.642025277018547,0.5870790630578995,0.01775613083736971,0.00858932244591415,0.09791074231734405,0.9280732426237552,0.08816615266409733,0.6177689433097839,0.9856573939323425
256,1048566,900.232195860158,27,0.945177582984275,0.04208186406654823,0.8106772899627686,0.9913944005966187,76.44680851063829,58.6808202058148,12.0,264.0,1.6291327625513077,0.5731956548988819,0.012566069752210751,0.008078904706053436,0.08004732396032387,0.945177582984275,0.04208186406654823,0.8106772899627686,0.9913944005966187
257,1052662,852.6568968383013,31,0.9355233623222872,0.08100899759676308,0.4850996136665344,0.9885258674621582,89.9090909090909,112.96254773190381,16.0,718.0,1.6542312428355217,0.54914291203022,0.014436798810493201,0.008791064261458814,0.09018508664903145,0.9355233623222872,0.08100899759676308,0.4850996136665344,0.9885258674621582
258,1056758,908.3621230625382,36,0.9468935083698582,0.048550112637697804,0.695219099521637,0.9827888607978821,74.05405405405405,67.7004315311992,24.0,425.0,1.674764223396778,0.5309135504066944,0.016594309447100386,0.007964629505295306,0.09309050777784647,0.9468935083698582,0.048550112637697804,0.695219099521637,0.9827888607978821
259,1060854,900.5308970939049,40,0.9276349092974807,0.0703044628947873,0.695219099521637,0.9878087639808655,100.9090909090909,98.03566563010214,17.0,425.0,1.6777485609054565,0.5205793716013432,0.014693413249915466,0.009130382066359743,0.09229193305894845,0.9276349092974807,0.0703044628947873,0.695219099521637,0.9878087639808655
260,1064950,890.0335575254102,45,0.9200398365133687,0.11212985705173398,0.3746613562107086,0.9842231273651123,111.5,156.35885681746063,22.0,872.0,1.6776171252131462,0.5244129225611687,0.014199716330040246,0.009007343935081735,0.08791376266118557,0.9200398365133687,0.11212985705173398,0.3746613562107086,0.9842231273651123
261,1069046,898.9542687806869,50,0.9394675858996131,0.07575291129120908,0.4886852502822876,0.9892430305480957,84.4090909090909,105.63322440962196,15.0,713.0,1.6525218039751053,0.5199488177895546,0.008093092835224525,0.01031282587791793,0.09895126733933046,0.9394675858996131,0.07575291129120908,0.4886852502822876,0.9892430305480957
262,1073142,903.4387614780455,54,0.9217814483812877,0.11306860031807289,0.3961752951145172,0.9842231273651123,109.07142857142857,157.66788374499689,22.0,842.0,1.6219930201768875,0.5197156220674515,0.0017630986694712192,0.01055156992515549,0.085123633018425,0.9217814483812877,0.11306860031807289,0.3961752951145172,0.9842231273651123
263,1077238,922.0259169612199,59,0.9440198419045429,0.06013518190246091,0.6894820928573608,0.9878087639808655,78.06122448979592,83.85517353814772,17.0,433.0,1.591784991323948,0.5315037332475185,-0.012412622207193635,0.011157976696267724,0.09384296547230762,0.9440198419045429,0.06013518190246091,0.6894820928573608,0.9878087639808655
264,1081334,870.4215721899102,63,0.9085666278998057,0.1720764657409392,0.0,0.9856573939323425,124.4,223.93544704768033,20.0,1255.0,1.616129107773304,0.525381613522768,-0.005842027698236052,0.011370166612323374,0.10068831102851102,0.9085666278998057,0.1720764657409392,0.0,0.9856573939323425
265,1085430,918.7675577389375,68,0.9538167381286621,0.03158603765467041,0.8544223308563232,0.9863744974136353,64.4,44.04497701214067,19.0,203.0,1.6208177730441093,0.5206361040472984,-0.009046507635503076,0.008582314796512946,0.07989053753675936,0.9538167381286621,0.03158603765467041,0.8544223308563232,0.9863744974136353
266,1089526,911.4701209277521,72,0.9282663651875087,0.1142926550736594,0.33235061168670654,0.9842231273651123,100.02857142857142,159.37475794299345,22.0,931.0,1.6266154423356056,0.49990407936275005,0.007460018765414134,0.010521385236643255,0.08552797021987833,0.9282663651875087,0.1142926550736594,0.33235061168670654,0.9842231273651123
267,1093622,914.6238058691399,77,0.9424671153977232,0.07419944301841723,0.4829482138156891,0.9899601340293884,80.22641509433963,103.46700166873622,14.0,721.0,1.586237147450447,0.5498548150062561,-0.009952251306458493,0.009549379406962544,0.0968591058221232,0.9424671153977232,0.07419944301841723,0.4829482138156891,0.9899601340293884
268,1097718,917.1210499034026,81,0.9276337822278341,0.14495276730101453,0.0,0.9899601340293884,98.17647058823529,184.81391869771605,14.0,1255.0,1.5828324556350708,0.559799324721098,-0.003364869757206179,0.010970897215884179,0.09675885839885118,0.9276337822278341,0.14495276730101453,0.0,0.9899601340293884
269,1101814,908.611314751015,86,0.9225998295601024,0.137507180569018,0.19035856425762177,0.9835059642791748,107.93023255813954,191.74612519645058,23.0,1129.0,1.6006080135703087,0.5436187833547592,0.010265355682349764,0.010705273947678506,0.09278075668616383,0.9225998295601024,0.137507180569018,0.19035856425762177,0.9835059642791748
270,1105910,862.5688069046197,91,0.940392028093338,0.07043992718069987,0.5324302911758423,0.9856573939323425,83.12,98.22456719171635,20.0,652.0,1.5917916893959045,0.5579528324306011,-0.009153161976428237,0.009499467792920768,0.10055713228206856,0.940392028093338,0.07043992718069987,0.5324302911758423,0.9856573939323425
271,1110006,907.3522969998997,95,0.951450196504593,0.04860718227483378,0.6844621300697327,0.984940230846405,67.7,67.78001180289068,21.0,440.0,1.570969432592392,0.5370488092303276,-0.0002579157880973071,0.008996492717415094,0.09398263655077686,0.951450196504593,0.04860718227483378,0.6844621300697327,0.984940230846405
272,1114102,910.9102901886421,100,0.9548758818553045,0.049211078960124596,0.7454183101654053,0.9899601340293884,62.92307692307692,68.62211074311426,14.0,355.0,1.544675052165985,0.5472667552530766,-0.006204395966051379,0.009646197926485911,0.08443701136205092,0.9548758818553045,0.049211078960124596,0.7454183101654053,0.9899601340293884
273,1118198,907.296088351666,104,0.9458300084979446,0.0870792079087788,0.4399203062057495,0.9899601340293884,75.53703703703704,121.42711774786629,14.0,781.0,1.5222905427217484,0.5578259043395519,-0.00910737703088671,0.011330893263220787,0.08390347783460089,0.9458300084979446,0.0870792079087788,0.4399203062057495,0.9899601340293884
274,1122294,916.7136953266562,109,0.9173840240149175,0.1653613542989278,0.1100398376584053,0.9878087639808655,115.20338983050847,230.58722234146694,17.0,1241.0,1.5161631032824516,0.592562198638916,-0.012615543246283778,0.012724303116556257,0.10076082659197726,0.9173840240149175,0.1653613542989278,0.1100398376584053,0.9878087639808655
275,1126390,919.1425129012639,113,0.9538028528613429,0.04381466031725769,0.7167330384254456,0.9906772971153259,64.41935483870968,61.09710631105017,13.0,395.0,1.517548218369484,0.6015048362314701,-0.019378025026526302,0.009299443860072643,0.0972418668246643,0.9538028528613429,0.04381466031725769,0.7167330384254456,0.9906772971153259
276,1130485,905.218295686486,4,0.9688542514671514,0.012376664955030902,0.9224774241447449,0.9874487519264221,42.18518518518518,16.763504680204473,17.0,105.0,1.4129033088684082,0.6969345957040787,-0.04069692874327302,0.006492345331935212,0.0786682877192755,0.9688542514671514,0.012376664955030902,0.9224774241447449,0.9874487519264221
277,1134581,866.8214637930761,9,0.9684882988321021,0.013292729957550238,0.9195241928100586,0.9911403059959412,42.680851063829785,18.0042623593825,12.0,109.0,1.3513943254947662,0.7404920794069767,-0.029825734090991318,0.004687884676968679,0.08069231142230054,0.9684882988321021,0.013292729957550238,0.9195241928100586,0.9911403059959412
278,1138677,1007.9683605827157,13,0.9695225596427918,0.011976145179732793,0.9276456236839294,0.9889253377914429,41.28,16.22102339558143,15.0,98.0,1.355342261493206,0.7567879483103752,-0.019688875880092382,0.0037176822806941345,0.0654390361706328,0.9695225596427918,0.011976145179732793,0.9276456236839294,0.9889253377914429
279,1142773,1045.9235267007803,17,0.9725789004250577,0.012539027979218029,0.9128794074058533,0.9889253377914429,37.14035087719298,16.983416675750153,15.0,118.0,1.3177354335784912,0.7877555675804615,-0.020691920537501574,0.002426792707410641,0.04881189549100011,0.9725789004250577,0.012539027979218029,0.9128794074058533,0.9889253377914429
280,1146869,1036.5172504209752,21,0.974178921431303,0.00956168547372257,0.9357669949531555,0.9889253377914429,34.973214285714285,12.950772054639234,15.0,87.0,1.3456831127405167,0.793565321713686,-0.004254818091794732,0.002570219643530436,0.04325693079748315,0.974178921431303,0.00956168547372257,0.9357669949531555,0.9889253377914429
281,1150965,954.4511224802895,25,0.9723595157265663,0.014300984183494446,0.8567678332328796,0.9889253377914429,37.4375,19.36988699815847,15.0,194.0,1.3896928057074547,0.7961756475269794,-0.0031305602606153116,0.001895919063827023,0.03648555792950575,0.9723595157265663,0.014300984183494446,0.8567678332328796,0.9889253377914429
282,1155061,948.0174659476762,30,0.9697516584637189,0.011714883370669405,0.9246923923492432,0.9889253377914429,40.96969696969697,15.86715974880291,15.0,102.0,1.4332677870988846,0.7866502776741982,0.00638880037877243,0.0021776946741738357,0.048261432874035906,0.9697516584637189,0.011714883370669405,0.9246923923492432,0.9889253377914429
283,1159157,945.8002342387357,34,0.9697754302372535,0.013208070912647694,0.9128794074058533,0.9874487519264221,40.9375,17.889599224596026,17.0,118.0,1.4694786667823792,0.7706483602523804,0.00934444525046274,0.0023148858817876317,0.043726732593094994,0.9697754302372535,0.013208070912647694,0.9128794074058533,0.9874487519264221
284,1163253,873.402149134705,39,0.9705488802096166,0.012921089942009778,0.9077112674713135,0.9904019832611084,39.88990825688074,17.500898770913118,13.0,125.0,1.4581885114312172,0.785324290394783,0.002715726735914359,0.0024908593331929296,0.041645660753533174,0.9705488802096166,0.012921089942009778,0.9077112674713135,0.9904019832611084
285,1167349,928.0214585259299,43,0.9672500204156946,0.013575802962409185,0.9195241928100586,0.9867104291915894,44.358024691358025,18.387669407013295,18.0,109.0,1.4969019517302513,0.7526192367076874,0.017062827420886606,0.003244874198571779,0.05342493019181063,0.9672500204156946,0.013575802962409185,0.9195241928100586,0.9867104291915894
286,1171445,940.4993938714447,47,0.9643019209516809,0.018893000594605597,0.8759639263153076,0.9889253377914429,48.351063829787236,25.58952056405226,15.0,168.0,1.4945560321211815,0.7578620910644531,7.708710290899035e-05,0.0030524684552801773,0.047283947212605336,0.9643019209516809,0.018893000594605597,0.8759639263153076,0.9889253377914429
287,1175541,934.7315302743513,52,0.9647199903862386,0.01310221690055351,0.9254306554794312,0.9874487519264221,47.78481012658228,17.746221481281086,17.0,101.0,1.472733922302723,0.7450667470693588,0.014229384192731231,0.0031870547973085195,0.0527119729135596,0.9647199903862386,0.01310221690055351,0.9254306554794312,0.9874487519264221
288,1179637,924.3028002445386,56,0.9673223942518234,0.014646709567184866,0.9091878533363342,0.9867104291915894,44.26,19.838155156163086,18.0,123.0,1.4298989847302437,0.758186548948288,-0.008171470341039822,0.0028099820483475924,0.043813434301373466,0.9673223942518234,0.014646709567184866,0.9091878533363342,0.9867104291915894
289,1183733,929.0229288714513,61,0.9702189018851832,0.011093343940394403,0.9239540696144104,0.9904019832611084,40.33684210526316,15.025319351236705,13.0,103.0,1.4176680818200111,0.7571480683982372,-0.004932891391945304,0.003518899975460954,0.05506087721802372,0.9702189018851832,0.011093343940394403,0.9239540696144104,0.9904019832611084
290,1187829,929.5426812132366,65,0.9703469098760531,0.014297352655607025,0.8833470344543457,0.9889253377914429,40.16346153846154,19.36497163641842,15.0,158.0,1.4094959199428558,0.7689863443374634,-0.005990681707771728,0.0034350273344898596,0.051485604390900795,0.9703469098760531,0.014297352655607025,0.8833470344543457,0.9889253377914429
291,1191925,879.4052914495715,70,0.9690199301523321,0.01939214337506591,0.8272354602813721,0.9852337837219238,41.96078431372549,26.265582328802957,20.0,234.0,1.4231103658676147,0.78284727409482,-0.004001169310868136,0.0027380559768062085,0.04788034715985971,0.9690199301523321,0.01939214337506591,0.8272354602813721,0.9852337837219238
292,1196021,926.9636730529986,74,0.968482893641277,0.012407299701802918,0.9202625155448914,0.9904019832611084,42.68817204301075,16.805003411761806,13.0,108.0,1.4550209939479828,0.7761832848191261,0.007634211448021233,0.0024123969924403355,0.05229374177064069,0.968482893641277,0.012407299701802918,0.9202625155448914,0.9904019832611084
293,1200117,938.057391967645,79,0.9656937521967021,0.01337921375404367,0.9313371777534485,0.9844954609870911,46.46590909090909,18.12140175169352,21.0,93.0,1.4602599889039993,0.7586337327957153,0.013942290126578882,0.0027890135534107685,0.05074693611512915,0.9656937521967021,0.01337921375404367,0.9313371777534485,0.9844954609870911
294,1204213,915.0078614580202,83,0.9663248572084638,0.016611411543996788,0.9187858700752258,0.9896636605262756,45.611111111111114,22.499231811303368,14.0,110.0,1.4438742026686668,0.7555163651704788,0.005793641888885759,0.0032192218059208244,0.05809318114538349,0.9663248572084638,0.016611411543996788,0.9187858700752258,0.9896636605262756
295,1208309,915.721587389341,88,0.966568654842591,0.01228418464855422,0.9202625155448914,0.9867104291915894,45.28089887640449,16.638245345612177,18.0,108.0,1.4307335242629051,0.7555646859109402,-0.004134614955546567,0.0027939254214288667,0.05262828627241317,0.966568654842591,0.01228418464855422,0.9202625155448914,0.9867104291915894
296,1212405,927.7548444778348,92,0.9697365269941443,0.01080227730671676,0.9305988550186157,0.9874487519264221,40.990196078431374,14.631081003606749,17.0,94.0,1.4246484115719795,0.7696172334253788,-0.0055363091742037795,0.0024342386022908613,0.04033201362983155,0.9697365269941443,0.01080227730671676,0.9305988550186157,0.9874487519264221
297,1216501,921.7312338947298,96,0.9685882636995027,0.015501587986200098,0.8781788349151611,0.9881870150566101,42.54545454545455,20.996042304923947,16.0,165.0,1.4246790707111359,0.7738132886588573,-0.0033837992850749288,0.0026751941913971677,0.042971100351154964,0.9685882636995027,0.015501587986200098,0.8781788349151611,0.9881870150566101
298,1220597,882.6175565887773,101,0.9699064773321152,0.01002261095898303,0.9394585490226746,0.9867104291915894,40.76,13.575065377374802,18.0,82.0,1.4257319793105125,0.7792085409164429,-0.0006364369110087864,0.002248884688015096,0.03964680374319067,0.9699064773321152,0.01002261095898303,0.9394585490226746,0.9867104291915894
299,1224693,937.8116007304942,105,0.9681403176940006,0.013184810795542441,0.9224774241447449,0.9889253377914429,43.15217391304348,17.858096922933438,15.0,105.0,1.4585985019803047,0.7643442712724209,0.009759533539181575,0.002926791727077216,0.052890227994647154,0.9681403176940006,0.013184810795542441,0.9224774241447449,0.9889253377914429
300,1228789,938.1476501652446,110,0.9684241943889194,0.016543374348244166,0.886300265789032,0.9896636605262756,42.76767676767677,22.40708234123836,14.0,154.0,1.4482081830501556,0.7805484682321548,0.0033617256704019383,0.002487425968865864,0.04291059524890617,0.9684241943889194,0.016543374348244166,0.886300265789032,0.9896636605262756
301,1232884,886.8792486640441,4,0.9649147169262755,0.01922900611263766,0.9026204347610474,0.9847844243049622,46.11764705882353,25.27546051544045,20.0,128.0,1.5225775390863419,0.7047965340316296,0.03799355053342879,0.0036361451202537864,0.06732389673824835,0.9649147169262755,0.01922900611263766,0.9026204347610474,0.9847844243049622
302,1236980,886.5184840253364,9,0.9523646413234242,0.032542039092102355,0.8592561483383179,0.9870668053627014,62.6140350877193,42.7747073922195,17.0,185.0,1.5522215738892555,0.6755880415439606,0.02974817412905395,0.004461049931705929,0.07257646725950356,0.9523646413234242,0.032542039092102355,0.8592561483383179,0.9870668053627014
303,1241076,890.8367760962717,14,0.9394596482698734,0.04892951821069906,0.718512237071991,0.9855452179908752,79.57692307692308,64.31513344876574,19.0,370.0,1.5761898756027222,0.6522142216563225,0.028158651082776487,0.004516330489423126,0.06838792170665636,0.9394596482698734,0.04892951821069906,0.718512237071991,0.9855452179908752
304,1245172,904.671213437682,18,0.9508453099815933,0.04026919915537642,0.7124260067939758,0.9870668053627014,64.61111111111111,52.9316178936513,17.0,378.0,1.6095443293452263,0.6398700140416622,0.018831673951353878,0.005818230332806706,0.07137069759684551,0.9508453099815933,0.04026919915537642,0.7124260067939758,0.9870668053627014
305,1249268,956.5040759187186,22,0.9372185495766726,0.051109593816172846,0.7474218010902405,0.9802197813987732,82.52272727272727,67.18072255841757,26.0,332.0,1.6561639830470085,0.5889809504151344,0.02291885658632964,0.006533453881274909,0.07269305001684748,0.9372185495766726,0.051109593816172846,0.7474218010902405,0.9802197813987732
306,1253364,1030.1995390571528,26,0.9271209551529451,0.08642593767444684,0.5541842579841614,0.9893491268157959,95.79545454545455,113.60209255944318,14.0,586.0,1.6851805001497269,0.5774981044232845,0.016075225081294775,0.006660799932433292,0.07654905420389885,0.9271209551529451,0.08642593767444684,0.5541842579841614,0.9893491268157959
307,1257460,941.1262016021618,31,0.9361939041510873,0.052567099152100276,0.7109044790267944,0.9870668053627014,83.8695652173913,69.09653256752064,17.0,380.0,1.6419363468885422,0.5596266984939575,0.004056220066559035,0.008148503606207669,0.07992648788755416,0.9361939041510873,0.052567099152100276,0.7109044790267944,0.9870668053627014
308,1261556,970.4994824904855,35,0.9392676745972982,0.051743222820042206,0.7428571581840515,0.9802197813987732,79.82926829268293,68.01359349030608,26.0,338.0,1.627423495054245,0.5374492667615414,0.004808693322047475,0.008100229868432507,0.08206208078261668,0.9392676745972982,0.051743222820042206,0.7428571581840515,0.9802197813987732
309,1265652,929.6060060580688,39,0.9308825401549644,0.05500168810183981,0.7390532493591309,0.9832628965377808,90.85106382978724,72.29666385976081,22.0,343.0,1.6139796078205109,0.5467265471816063,-0.0015195016167126596,0.009648256294894964,0.09796377041504163,0.9308825401549644,0.05500168810183981,0.7390532493591309,0.9832628965377808
310,1269748,899.0084135897198,44,0.9172622777046041,0.1608294888131895,0.0,0.9840236902236938,105.95744680851064,195.7203777697465,21.0,1183.0,1.5957303941249847,0.5357934571802616,0.005699656612705439,0.009635476511903107,0.09746290080955061,0.9172622777046041,0.1608294888131895,0.0,0.9840236902236938
311,1273844,904.3751869565153,49,0.93174531999624,0.07656731002992244,0.6120033860206604,0.9878275394439697,89.71698113207547,100.6434726128112,16.0,510.0,1.5799894630908966,0.5451764203608036,-0.015059456112794578,0.009903669473715127,0.09068051265667262,0.93174531999624,0.07656731002992244,0.6120033860206604,0.9878275394439697
312,1277940,904.0921524256246,53,0.9430177533626556,0.054577670667904234,0.7086221575737,0.9863060116767883,74.9,71.73931976259603,18.0,383.0,1.5806451886892319,0.5647459253668785,-0.005006329884054139,0.010309339384548366,0.09299309549627062,0.9430177533626556,0.054577670667904234,0.7086221575737,0.9863060116767883
313,1282036,898.7348867789442,58,0.9367862912741575,0.06454675426272147,0.6705832481384277,0.9840236902236938,83.0909090909091,84.84312212490077,21.0,433.0,1.5923267975449562,0.5529902912676334,0.0010879978854063665,0.009719729307107627,0.09203159341410544,0.9367862912741575,0.06454675426272147,0.6705832481384277,0.9840236902236938
314,1286132,852.57501868682,62,0.9343791919596055,0.06850642013712428,0.6622146964073181,0.9802197813987732,86.25490196078431,90.04788337046125,26.0,444.0,1.5647585466504097,0.5501739159226418,-0.005432041438325541,0.010054311365820467,0.08897405028446118,0.9343791919596055,0.06850642013712428,0.6622146964073181,0.9802197813987732
315,1290228,901.07926746628,67,0.9343448853492737,0.0739098962983098,0.562552809715271,0.9885883331298828,86.3,97.15045033349047,15.0,575.0,1.5959299877285957,0.5635076612234116,-0.007219535735202953,0.008610357297584414,0.08547699546595396,0.9343448853492737,0.0739098962983098,0.562552809715271,0.9885883331298828
316,1294324,897.7490148462063,72,0.9285316525721082,0.08885644276601296,0.5374471545219421,0.9832628965377808,93.94117647058823,116.7968593058647,22.0,608.0,1.5525175034999847,0.5849554017186165,-0.0012662855478993151,0.00836036357213743,0.08108064422466182,0.9285316525721082,0.08885644276601296,0.5374471545219421,0.9832628965377808
317,1298420,898.7667645866039,76,0.9490419858031802,0.037871848879198845,0.7755705714225769,0.9809805750846863,66.98148148148148,49.780440432533986,25.0,295.0,1.5796171352267265,0.5892024636268616,0.0018937422682938632,0.007345864112721756,0.0718162786128115,0.9490419858031802,0.037871848879198845,0.7755705714225769,0.9809805750846863
318,1302516,889.060645627509,81,0.942305384982716,0.05882068950805337,0.6241758465766907,0.9847844243049622,75.83636363636364,77.3165309000166,20.0,494.0,1.550605908036232,0.6015364415943623,-0.007635120484337676,0.008907594135962427,0.09363067240436743,0.942305384982716,0.05882068950805337,0.6241758465766907,0.9847844243049622
319,1306612,906.5350585843508,85,0.9465015418124649,0.05239251884667725,0.7101436853408813,0.9863060116767883,70.32075471698113,68.86705091200868,18.0,381.0,1.559375360608101,0.5924184247851372,0.008474123358610086,0.006955123652005568,0.07959370804597193,0.9465015418124649,0.05239251884667725,0.7101436853408813,0.9863060116767883
320,1310708,846.7807636364532,90,0.9351793667301536,0.07935372715993252,0.5617920756340027,0.9893491268157959,85.203125,104.30606701066998,14.0,576.0,1.5596654415130615,0.596917886286974,-0.010489231717656367,0.008738799835555255,0.08070634418199413,0.9351793667301536,0.07935372715993252,0.5617920756340027,0.9893491268157959
321,1314804,913.5735885672467,95,0.9549983493659807,0.029604935291115506,0.834150493144989,0.9855452179908752,59.15217391304348,38.91404540852455,19.0,218.0,1.591618686914444,0.5819647572934628,0.0015662498190067708,0.00820065033622086,0.07659021164896528,0.9549983493659807,0.029604935291115506,0.834150493144989,0.9855452179908752
322,1318900,912.8869741142498,99,0.9412402998317372,0.06045295079958791,0.7306846976280212,0.9847844243049622,77.23636363636363,79.46204666068029,20.0,354.0,1.554930940270424,0.5715033933520317,-0.0006325682552414946,0.008926132082706317,0.08197255950484353,0.9412402998317372,0.06045295079958791,0.7306846976280212,0.9847844243049622
323,1322996,899.9052674349723,104,0.9460222017569621,0.05382938934601011,0.682755708694458,0.9855452179908752,70.95081967213115,70.75573920520992,19.0,417.0,1.5347098410129547,0.5960750244557858,-0.004248686203936813,0.010444144252687693,0.0965032025442176,0.9460222017569621,0.05382938934601011,0.682755708694458,0.9855452179908752
324,1327092,901.0416017431878,108,0.9477599315476,0.048891500054129115,0.678191065788269,0.9908706545829773,68.66666666666667,64.26516704954895,12.0,423.0,1.5220336467027664,0.609566405415535,-0.00987992032605689,0.008871827449183911,0.09143089585509234,0.9477599315476,0.048891500054129115,0.678191065788269,0.9908706545829773
325,1331188,913.4590487288386,113,0.938403240565596,0.0842635474259612,0.44463229179382324,0.9847844243049622,80.96551724137932,110.7597532900394,20.0,730.0,1.5051422789692879,0.6095232591032982,-0.0011392542364774272,0.00875338094192557,0.07999014603178528,0.938403240565596,0.0842635474259612,0.44463229179382324,0.9847844243049622
326,1335283,904.2016900910899,4,0.9675133424561199,0.0125729386794652,0.9348735809326172,0.985876202583313,41.40243902439025,16.02350389203277,18.0,83.0,1.3905061408877373,0.7023370563983917,-0.043992703314870596,0.005932085303356871,0.0795454865213387,0.9675133424561199,0.0125729386794652,0.9348735809326172,0.985876202583313
327,1339379,913.61337820957,9,0.9692577882757727,0.011398188536696555,0.9199651479721069,0.9882301688194275,39.179245283018865,14.52635676760819,15.0,102.0,1.3537713810801506,0.7458844445645809,-0.04194768168963492,0.004195548171992414,0.06698647265361873,0.9692577882757727,0.011398188536696555,0.9199651479721069,0.9882301688194275
328,1343475,915.4572610088171,13,0.9675400351223192,0.013843433089303619,0.9097645878791809,0.9850915670394897,41.36842105263158,17.642683070553012,19.0,115.0,1.3770848736166954,0.7582237012684345,-0.01932738145114854,0.0031144404783844948,0.056146407445666666,0.9675400351223192,0.013843433089303619,0.9097645878791809,0.9850915670394897
329,1347571,970.3392035725021,18,0.9710759751755615,0.011992262697159277,0.8956407904624939,0.9913687705993652,36.86206896551724,15.283468955233579,11.0,133.0,1.3382649794220924,0.7847809046506882,-0.024191891425289214,0.0023038138533593155,0.051439986965777805,0.9710759751755615,0.011992262697159277,0.8956407904624939,0.9913687705993652
330,1351667,887.6712776322082,22,0.9712102759968151,0.01114288970767138,0.9364429116249084,0.9890148043632507,36.69090909090909,14.200989373052629,14.0,81.0,1.3624732419848442,0.7873910404741764,-0.009921386139467359,0.002225109579740092,0.043113834336116784,0.9712102759968151,0.01114288970767138,0.9364429116249084,0.9890148043632507
331,1355763,1002.8407334358986,26,0.9702455870873106,0.01084247383994846,0.9199651479721069,0.990584135055542,37.92035398230089,13.818124299872682,12.0,102.0,1.3683216869831085,0.7973862215876579,-0.007489361181796994,0.001944195173564367,0.04069989839040099,0.9702455870873106,0.01084247383994846,0.9199651479721069,0.990584135055542
332,1359859,999.4883944143882,30,0.9702311298068689,0.012433212475018792,0.9183958172798157,0.9890148043632507,37.93877551020408,15.84543733113449,14.0,104.0,1.385521337389946,0.7916461750864983,0.0055282535577134695,0.002229240446467884,0.043238659300040984,0.9702311298068689,0.012433212475018792,0.9183958172798157,0.9890148043632507
333,1363955,954.238695240279,35,0.9699238730328423,0.011260167481120676,0.9325196146965027,0.9866608381271362,38.330357142857146,14.350453198951804,17.0,86.0,1.3760812729597092,0.7954012975096703,0.006233871597942198,0.0020752618584083393,0.04141275079654887,0.9699238730328423,0.011260167481120676,0.9325196146965027,0.9866608381271362
334,1368051,932.8417858963022,39,0.9699671323146295,0.010653597476291124,0.9317349791526794,0.985876202583313,38.27522935779817,13.577417543451697,18.0,87.0,1.4244116246700287,0.7947524860501289,-0.0025251703646063106,0.0018222619182779454,0.037592098871415625,0.9699671323146295,0.010653597476291124,0.9317349791526794,0.985876202583313
335,1372147,917.0487919578372,44,0.9678451333727155,0.013715331332862226,0.9003487229347229,0.9882301688194275,40.97959183673469,17.47942206572546,15.0,127.0,1.4516786709427834,0.7821596078574657,0.009130802529398352,0.0022987086849752814,0.04136142800276521,0.9678451333727155,0.013715331332862226,0.9003487229347229,0.9882301688194275
336,1376243,920.0340867191748,48,0.9684473408593072,0.01373505096168384,0.8940715193748474,0.9882301688194275,40.21212121212121,17.50455797916399,15.0,135.0,1.4550748392939568,0.7783169522881508,0.004636440455215052,0.002671173380804248,0.047465937151586146,0.9684473408593072,0.01373505096168384,0.8940715193748474,0.9882301688194275
337,1380339,835.1983248458129,53,0.9647508584536039,0.017855514345245252,0.8619006276130676,0.9866608381271362,44.92307692307692,22.75586183108435,17.0,176.0,1.478682354092598,0.7730099745094776,0.010279538226313889,0.002650208378327079,0.05113925335707794,0.9647508584536039,0.017855514345245252,0.8619006276130676,0.9866608381271362
338,1384435,932.7919470448134,57,0.965004360013538,0.015491207810370545,0.8838709592819214,0.9866608381271362,44.6,19.74267796762469,17.0,148.0,1.467912495136261,0.7632956728339195,0.015197006345260888,0.002937682278570719,0.058026838177350624,0.965004360013538,0.015491207810370545,0.8838709592819214,0.9866608381271362
339,1388531,936.4915023923779,62,0.9647906695274596,0.015308701964546645,0.9027026891708374,0.9850915670394897,44.87234042553192,19.510081432457724,19.0,124.0,1.4650931283831596,0.7592050842940807,0.0011188375283381902,0.002675281444680877,0.04471754697121223,0.9647906695274596,0.015308701964546645,0.9027026891708374,0.9850915670394897
340,1392627,926.1987658172691,66,0.9672790575273258,0.012304865949018043,0.9293810129165649,0.9890148043632507,41.70103092783505,15.681866176327336,14.0,90.0,1.4283536523580551,0.7635626010596752,-0.0068243401910876855,0.0026547667803242803,0.04675281304662725,0.9672790575273258,0.012304865949018043,0.9293810129165649,0.9890148043632507
341,1396723,918.1755671941816,71,0.9692689301898179,0.012567866337405219,0.9144725203514099,0.9913687705993652,39.16504854368932,16.017040129568464,11.0,109.0,1.4064709171652794,0.7744552232325077,-0.009594024377292953,0.0025490843690931797,0.04448337873249742,0.9692689301898179,0.012567866337405219,0.9144725203514099,0.9913687705993652
342,1400819,911.6047684615035,75,0.9665344399213791,0.012728061258308821,0.9254577159881592,0.9866608381271362,42.65,16.22120525731673,17.0,95.0,1.4114215523004532,0.7744730338454247,0.0036871148622594774,0.0025834635453065857,0.05040242514258534,0.9665344399213791,0.012728061258308821,0.9254577159881592,0.9866608381271362
343,1404915,919.6982822763958,80,0.9673694227681016,0.015009695397094505,0.9011334180831909,0.9882301688194275,41.58585858585859,19.129019733901735,15.0,126.0,1.425743393599987,0.7661506719887257,-0.0029924535119789653,0.0027541996096260846,0.04312526115007556,0.9673694227681016,0.015009695397094505,0.9011334180831909,0.9882301688194275
344,1409011,822.8975124116929,85,0.9658632650170275,0.013873929979395776,0.8925021886825562,0.9866608381271362,43.505376344086024,17.681545969431454,17.0,137.0,1.4491208642721176,0.7723881900310516,0.0017055173702829052,0.002262590583995916,0.042367089261155046,0.9658632650170275,0.013873929979395776,0.8925021886825562,0.9866608381271362
345,1413107,925.5672932413463,89,0.9665000104174322,0.014543442714172513,0.9003487229347229,0.9882301688194275,42.69387755102041,18.534803535712356,15.0,127.0,1.415053203701973,0.7758412659168243,0.00042042771747219376,0.002362426726904232,0.04166302078744055,0.9665000104174322,0.014543442714172513,0.9003487229347229,0.9882301688194275
346,1417203,927.3070573462278,93,0.9691593011220296,0.010546809484673432,0.9411508440971375,0.9843068718910217,39.304761904761904,13.441317827628014,20.0,75.0,1.4367680177092552,0.7883939370512962,-0.0025354165154567454,0.002190990257076919,0.04489366368302929,0.9691593011220296,0.010546809484673432,0.9411508440971375,0.9843068718910217
347,1421299,917.2559520780837,98,0.9674409245189868,0.012850349725409832,0.9207497835159302,0.985876202583313,41.49473684210526,16.377053063234886,18.0,101.0,1.488182656466961,0.7670082822442055,0.008417928620474413,0.002590309188235551,0.051114225692729776,0.9674409245189868,0.012850349725409832,0.9207497835159302,0.985876202583313
348,1425395,919.1863300649893,102,0.9658248379178669,0.016896998797358693,0.8862249255180359,0.9874455332756042,43.55434782608695,21.534282137637298,16.0,145.0,1.4927804991602898,0.7598110176622868,0.003689501478220336,0.002742751792538911,0.04484485619352299,0.9658248379178669,0.016896998797358693,0.8862249255180359,0.9874455332756042
349,1429491,922.4394437250471,107,0.9662758227513761,0.012306838451195621,0.9309502840042114,0.9874455332756042,42.97959183673469,15.68437386403653,16.0,88.0,1.4616291970014572,0.7733107060194016,-0.001210901071317494,0.0028143917152192444,0.04723037919738642,0.9662758227513761,0.012306838451195621,0.9309502840042114,0.9874455332756042
350,1433587,803.5920174359279,112,0.9680095964670181,0.013299790852379005,0.8995640873908997,0.9897994995117188,40.77,16.9498407072161,13.0,128.0,1.4384036362171173,0.760653905570507,-0.005621304189844523,0.0032836969039635733,0.05061138402414131,0.9680095964670181,0.013299790852379005,0.8995640873908997,0.9897994995117188
351,1437682,915.390142409256,4,0.9695679558648004,0.010388180481658125,0.9335733652114868,0.9854185581207275,37.56666666666667,12.82363269731146,18.0,82.0,1.4431497752666473,0.7736695781350136,-0.002148154335372965,0.002619645878439769,0.046231384221430756,0.9695679558648004,0.010388180481658125,0.9335733652114868,0.9854185581207275
352,1441778,820.812386086331,9,0.9655302270334594,0.01382336872914412,0.9125112295150757,0.9854185581207275,42.55102040816327,17.06417804724725,18.0,108.0,1.4279018267989159,0.7772749550640583,0.0003968801975133829,0.0025539758789818734,0.049047916008222364,0.9655302270334594,0.01382336872914412,0.9125112295150757,0.9854185581207275
353,1445874,967.9343764793085,14,0.9673512794754722,0.01216427461615777,0.9149414896965027,0.9870387315750122,40.303030303030305,15.016122342708949,16.0,105.0,1.4115059152245522,0.768263790756464,0.0016254006095550722,0.002328203889192082,0.039934958243158354,0.9673512794754722,0.01216427461615777,0.9149414896965027,0.9870387315750122
354,1449970,1126.2193520964129,17,0.9683693376956163,0.012891437170412816,0.913321316242218,0.9870387315750122,39.0462962962963,15.913763120423443,16.0,107.0,1.386258326470852,0.7859523668885231,-0.0072506531432736665,0.0023380145721603185,0.04066318822367203,0.9683693376956163,0.012891437170412816,0.913321316242218,0.9870387315750122
355,1454066,1084.8289795767075,21,0.9702700278975747,0.011155265483305575,0.9311431050300598,0.9894689321517944,36.7,13.770554884178845,13.0,85.0,1.3817988857626915,0.7883705981075764,-0.006593227295525139,0.0023073795455275103,0.03878898257012317,0.9702700278975747,0.011155265483305575,0.9311431050300598,0.9894689321517944
356,1458162,956.3583946416802,25,0.9689468945942673,0.011058123707291683,0.9287128448486328,0.9878487586975098,38.333333333333336,13.650636222573867,15.0,88.0,1.4120089188218117,0.7823607139289379,-0.0019288450239400845,0.002288372583279852,0.039168793908861896,0.9689468945942673,0.011058123707291683,0.9287128448486328,0.9878487586975098
357,1462258,932.619274336337,30,0.9669777357353354,0.015119056953268725,0.8728172779083252,0.9854185581207275,40.764150943396224,18.663632220854794,18.0,157.0,1.4384638518095016,0.7812463901937008,0.003814275361946784,0.0021529606165131554,0.03834208789713406,0.9669777357353354,0.015119056953268725,0.8728172779083252,0.9854185581207275
358,1466354,927.6461379928954,34,0.9657212437494941,0.015447481835634961,0.8865886330604553,0.9854185581207275,42.31521739130435,19.06905605597153,18.0,140.0,1.4499260187149048,0.7694714777171612,0.007970008387928829,0.0023742578050587326,0.04713538043423285,0.9657212437494941,0.015447481835634961,0.8865886330604553,0.9854185581207275
359,1470450,811.6828214196318,39,0.966334902896331,0.014858724191421835,0.9108911156654358,0.9870387315750122,41.55769230769231,18.342273013177532,16.0,110.0,1.4127959832549095,0.7797890529036522,-0.004665731625209446,0.0021133461559657007,0.037735264235643565,0.966334902896331,0.014858724191421835,0.9108911156654358,0.9870387315750122
360,1474546,949.0340623513498,43,0.9678478860855102,0.009542941248957725,0.9481548070907593,0.9878487586975098,39.69,11.780233444206445,15.0,64.0,1.4026638269424438,0.7826243937015533,-0.0022311895081656985,0.0019930834605474956,0.03743229208845197,0.9678478860855102,0.009542941248957725,0.9481548070907593,0.9878487586975098
361,1478642,968.893443863223,48,0.9662125411542873,0.011837892285888713,0.9238523840904236,0.9870387315750122,41.70873786407767,14.613221216738731,16.0,94.0,1.4459235817193985,0.778348620980978,0.00036793650724575855,0.002089184657961596,0.03555947205176016,0.9662125411542873,0.011837892285888713,0.9238523840904236,0.9870387315750122
362,1482738,943.9852671240396,52,0.9680265960644703,0.012866509231530557,0.9214221239089966,0.9846084713935852,39.46938775510204,15.882993139006501,19.0,97.0,1.422672100365162,0.7815978191792965,0.0031554156594211236,0.0022676707740174606,0.03892844750846722,0.9680265960644703,0.012866509231530557,0.9214221239089966,0.9846084713935852
363,1486834,931.3871558130955,56,0.9666544180743548,0.012412747534221473,0.9036003351211548,0.9894689321517944,41.16326530612245,15.322848004546316,13.0,119.0,1.4624593555927277,0.7731162719428539,0.00996742706047371,0.0024632449785713106,0.04307922818785806,0.9666544180743548,0.012412747534221473,0.9036003351211548,0.9894689321517944
364,1490930,924.0867290507056,61,0.9633634321151241,0.017908725043228185,0.8752475380897522,0.9902790188789368,45.225806451612904,22.10732814437261,12.0,154.0,1.4421254023909569,0.7665942087769508,0.00289497656194726,0.002625102788442746,0.04333040542596191,0.9633634321151241,0.017908725043228185,0.8752475380897522,0.9902790188789368
365,1495026,923.1815326176813,65,0.9667375834301265,0.011031111026574522,0.9295229315757751,0.9870387315750122,41.06060606060606,13.617293062123665,16.0,87.0,1.3992008045315742,0.7680520974099636,-0.00432204116077628,0.0026229938375763595,0.043334779751215025,0.9667375834301265,0.011031111026574522,0.9295229315757751,0.9870387315750122
366,1499122,806.8297002942978,70,0.9684535786509514,0.012293611222516663,0.9060305953025818,0.9837983846664429,38.94230769230769,15.175782151353038,20.0,116.0,1.4100646153092384,0.7756825722754002,-0.011049774067942053,0.002653103569173254,0.045642108714853455,0.9684535786509514,0.012293611222516663,0.9060305953025818,0.9837983846664429
367,1503218,954.2044570240924,75,0.9645184530152215,0.016609269822407128,0.9011701345443726,0.9870387315750122,43.8,20.503224678626097,16.0,122.0,1.4312947988510132,0.7618704698979855,0.005395237923949026,0.002642541701789014,0.043615212957577636,0.9645184530152215,0.016609269822407128,0.9011701345443726,0.9870387315750122
368,1507314,943.0615493422562,79,0.9644308309165799,0.014582872159291882,0.9076507687568665,0.9886588454246521,43.90816326530612,18.00174976455315,14.0,114.0,1.449688121676445,0.7609173618257046,0.0007093925014487468,0.0027350070740794763,0.04179667840537192,0.9644308309165799,0.014582872159291882,0.9076507687568665,0.9886588454246521
369,1511410,936.1384270476972,83,0.9655546781917413,0.012067656794077888,0.9206120371818542,0.9878487586975098,42.520833333333336,14.896853111945788,15.0,98.0,1.4248605743050575,0.7761604972183704,4.6173245209502056e-05,0.0023860532528487965,0.03623976813847918,0.9655546781917413,0.012067656794077888,0.9206120371818542,0.9878487586975098
370,1515506,920.9888077028273,88,0.9663022213122424,0.010328265442912375,0.9360036253929138,0.9854185581207275,41.59803921568628,12.74967112526373,18.0,79.0,1.409234195947647,0.7790291719138622,-0.0023798404854460387,0.002449179271934554,0.04022315095009496,0.9663022213122424,0.010328265442912375,0.9360036253929138,0.9854185581207275
371,1519602,930.2078464008317,92,0.9664491433650255,0.013339032931463537,0.8841584324836731,0.9846084713935852,41.416666666666664,16.46629554237652,19.0,143.0,1.4372174888849258,0.7753295004367828,0.0030901734317012597,0.0021392888520495035,0.03925434876065123,0.9664491433650255,0.013339032931463537,0.8841584324836731,0.9846084713935852
372,1523698,753.9963728899462,98,0.9664016897135442,0.012108413287552494,0.9230422973632812,0.9886588454246521,41.475247524752476,14.94716374924194,14.0,95.0,1.4253582656383514,0.7787725180387497,-0.0003860063625324983,0.0023359367114608176,0.042423350756761055,0.9664016897135442,0.012108413287552494,0.9230422973632812,0.9886588454246521
373,1527794,918.8634302352976,102,0.9673185499027522,0.010740252264276292,0.9230422973632812,0.9854185581207275,40.343434343434346,13.258244331386406,18.0,95.0,1.4289144352078438,0.7784210965037346,-0.0007954375651024748,0.0020051540413987823,0.03799929290217405,0.9673185499027522,0.010740252264276292,0.9230422973632812,0.9854185581207275
374,1531890,919.361591306091,107,0.9680017993158224,0.011505995553511917,0.9311431050300598,0.9894689321517944,39.5,14.20351350611416,13.0,85.0,1.4211573973298073,0.7702376954257488,-0.005458298288431251,0.002819465626089368,0.04385325173146991,0.9680017993158224,0.011505995553511917,0.9311431050300598,0.9894689321517944
375,1535986,920.6715972096472,111,0.9678420151045563,0.012087134648812004,0.9206120371818542,0.9894689321517944,39.69724770642202,14.92089513705311,13.0,98.0,1.4011302143335342,0.7830457761883736,-0.005616861060843803,0.0018827845269697718,0.038521807736931056,0.9678420151045563,0.012087134648812004,0.9206120371818542,0.9894689321517944
376,1540081,923.5007235398364,4,0.9624806223092256,0.01877116662067505,0.8936744332313538,0.9840930104255676,44.81481481481482,22.42111610040697,19.0,127.0,1.5524969547986984,0.7188367508351803,0.03716729790903628,0.0031276176596293226,0.06637966894107793,0.9624806223092256,0.01877116662067505,0.8936744332313538,0.9840930104255676
377,1544177,1037.9748957999398,8,0.9531595830259652,0.03359984595798907,0.822511613368988,0.9832558035850525,55.94827586206897,40.13315011815867,20.0,212.0,1.5935750007629395,0.6986021511256695,0.04018113506026566,0.0034489348472561687,0.06366298088851577,0.9531595830259652,0.03359984595798907,0.822511613368988,0.9832558035850525
378,1548273,1016.3269725057206,12,0.9396887284058791,0.044160147788396865,0.7689302563667297,0.9782325625419617,72.03846153846153,52.74684151625411,26.0,276.0,1.6275279819965363,0.6598780043423176,0.03283923561684787,0.004379716410767287,0.059625627491283556,0.9396887284058791,0.044160147788396865,0.7689302563667297,0.9782325625419617
379,1552369,922.6863602447404,17,0.9404241859912872,0.04543860151816276,0.7421395182609558,0.9857674241065979,71.16,54.27388322204337,17.0,308.0,1.637504130601883,0.6339929178357124,0.031926250900141895,0.004771700681885704,0.05979820364250793,0.9404241859912872,0.04543860151816276,0.7421395182609558,0.9857674241065979
380,1556465,908.4570371109112,21,0.9287230453707955,0.07956404031622098,0.5311627984046936,0.9832558035850525,85.13636363636364,95.03482397834513,20.0,560.0,1.6664642319083214,0.604923740029335,0.026904547470621765,0.006369191192789003,0.06807889907914819,0.9287230453707955,0.07956404031622098,0.5311627984046936,0.9832558035850525
381,1560561,733.1548363964047,27,0.9210755787789822,0.07427761117380915,0.6433488130569458,0.986604630947113,94.27083333333333,88.72047386392214,16.0,426.0,1.6490636318922043,0.5931460373103619,0.019386164378374815,0.006548608129378408,0.06428147435957576,0.9210755787789822,0.07427761117380915,0.6433488130569458,0.986604630947113
382,1564657,909.9975477551069,31,0.9407883748412132,0.04967727189283465,0.7304186224937439,0.9765581488609314,70.725,59.336745571357376,28.0,322.0,1.6539012640714645,0.5644757598638535,0.017487580538727343,0.007532411953434348,0.07340226688067547,0.9407883748412132,0.04967727189283465,0.7304186224937439,0.9765581488609314
383,1568753,931.6657645853576,36,0.9161268564110453,0.11757532056327338,0.2473488301038742,0.9824185967445374,100.18181818181819,140.43718633533328,21.0,899.0,1.6133571565151215,0.5556810982525349,0.005812651028463733,0.009661779389716685,0.07244615349113044,0.9161268564110453,0.11757532056327338,0.2473488301038742,0.9824185967445374
384,1572849,917.1410746145856,40,0.9072394935708297,0.14486180850590602,0.0,0.9874418377876282,108.70175438596492,160.13579379096504,15.0,1075.0,1.595948487520218,0.5704199448227882,-0.0035436526086414233,0.009941347583662719,0.08829005989811672,0.9072394935708297,0.14486180850590602,0.0,0.9874418377876282
385,1576945,899.4344610414693,45,0.9336260497570038,0.061724996383171256,0.6575813889503479,0.9815813899040222,79.28,73.72707508100399,22.0,409.0,1.5628584027290344,0.5651927217841148,-0.005703419642031804,0.009163201437331736,0.08066785720770732,0.9336260497570038,0.061724996383171256,0.6575813889503479,0.9815813899040222
386,1581041,904.8533259511909,49,0.9413309475550284,0.04559934693371845,0.7664185762405396,0.9874418377876282,70.07692307692308,54.46588422470251,15.0,279.0,1.5898910835385323,0.5663585066795349,-0.010534110915614292,0.010189484804868698,0.08566470761711209,0.9413309475550284,0.04559934693371845,0.7664185762405396,0.9874418377876282
387,1585137,912.3598986624904,54,0.9444036231202594,0.04352400093432941,0.7789767384529114,0.9840930104255676,66.40677966101696,51.98699923663046,19.0,264.0,1.5588967204093933,0.5796281062066555,-0.0007111696600077266,0.008889595104847103,0.07866290026775113,0.9444036231202594,0.04352400093432941,0.7789767384529114,0.9840930104255676
388,1589233,774.5253509307314,59,0.9347608601147274,0.08437908183756962,0.46167442202568054,0.9882790446281433,77.9245283018868,100.78612682619845,14.0,643.0,1.5490219220519066,0.580046147108078,0.001940577367804508,0.009257345896912739,0.0720424481464589,0.9347608601147274,0.08437908183756962,0.46167442202568054,0.9882790446281433
389,1593329,929.2822799719482,63,0.9463864037623773,0.05129755995851056,0.7228837013244629,0.9849302172660828,64.03846153846153,61.272079705843915,18.0,331.0,1.5302476957440376,0.5794575475156307,0.000605170542257838,0.008904355636332184,0.0785547837331626,0.9463864037623773,0.05129755995851056,0.7228837013244629,0.9849302172660828
390,1597425,937.2147110880001,68,0.935549832880497,0.07740233439581233,0.5403720736503601,0.9815813899040222,76.98214285714286,92.45278545433506,22.0,549.0,1.539644755423069,0.5823502354323864,-0.004392373353766743,0.01015487068798393,0.07426955241590524,0.935549832880497,0.07740233439581233,0.5403720736503601,0.9815813899040222
391,1601521,914.8556425615812,72,0.9433434720222766,0.06567830129390427,0.6132093071937561,0.9815813899040222,67.67307692307692,78.449082250318,22.0,462.0,1.5466029345989227,0.5829996801912785,0.004405199491884559,0.008657164667965844,0.07257173297870226,0.9433434720222766,0.06567830129390427,0.6132093071937561,0.9815813899040222
392,1605617,905.195449624752,77,0.9455968991473869,0.056365067599249224,0.7136744260787964,0.9840930104255676,64.98148148148148,67.32494192505939,19.0,342.0,1.5762022659182549,0.5861829221248627,-0.0008574510575272143,0.009115721622947603,0.08440586220862603,0.9455968991473869,0.056365067599249224,0.7136744260787964,0.9840930104255676
393,1609713,910.3179595284814,81,0.9295097257270187,0.09458112682916336,0.43320930004119873,0.9840930104255676,84.19672131147541,112.97189838767771,19.0,677.0,1.549093246459961,0.6052298657596111,-0.004936604309477843,0.010288852325174958,0.08088152318866965,0.9295097257270187,0.09458112682916336,0.43320930004119873,0.9840930104255676
394,1613809,758.7322637364598,87,0.9284346743063493,0.13873019053646538,0.0,0.9815813899040222,83.30909090909091,151.31518853370847,22.0,1075.0,1.5388721004128456,0.5985607504844666,0.005869930173503235,0.008683974476298317,0.06671606522091722,0.9284346743063493,0.13873019053646538,0.0,0.9815813899040222
395,1617905,870.6473790957797,92,0.9362731642193265,0.12520226699714768,0.0,0.9840930104255676,74.22222222222223,135.4498026206844,19.0,1075.0,1.5055018216371536,0.6037495993077755,-0.008321233908645809,0.009602274280041456,0.07643999848779084,0.9362731642193265,0.12520226699714768,0.0,0.9840930104255676
396,1622001,926.783151860294,96,0.9472851910089192,0.0594669833463235,0.6366511583328247,0.9899535179138184,62.96491228070175,71.03000722755624,12.0,434.0,1.4997990652918816,0.6020056270062923,-0.004796985181314994,0.008725745865376666,0.07579911409514245,0.9472851910089192,0.0594669833463235,0.6366511583328247,0.9899535179138184
397,1626097,916.3644730362768,100,0.9498086141758277,0.0539028421017741,0.6190697550773621,0.9849302172660828,59.950819672131146,64.38394724822767,18.0,455.0,1.5007596239447594,0.5910271406173706,-0.01364956353791058,0.009538316051475704,0.06723828031340912,0.9498086141758277,0.0539028421017741,0.6190697550773621,0.9849302172660828
398,1630193,898.3147624775982,105,0.9430562690381081,0.060295101839980283,0.6333023309707642,0.9824185967445374,68.01612903225806,72.01914887285497,21.0,438.0,1.5281276851892471,0.6055256240069866,-0.005700703499314841,0.010276160144712776,0.08457449736444006,0.9430562690381081,0.060295101839980283,0.6333023309707642,0.9824185967445374
399,1634289,904.0341586487839,110,0.949893814212871,0.039098623009178234,0.7496744394302368,0.9891162514686584,59.84905660377358,46.70113578935382,13.0,299.0,1.5268037915229797,0.5823555737733841,0.0024957769637694582,0.009265361994039267,0.08045375089069845,0.949893814212871,0.039098623009178234,0.7496744394302368,0.9891162514686584
400,1638385,897.334029756199,114,0.9264779471117874,0.1346170310907989,0.0,0.9815813899040222,85.75862068965517,146.7584586465271,22.0,1075.0,1.507205344736576,0.5930263958871365,-0.006586295741726644,0.009456921048695222,0.08111423090993694,0.9264779471117874,0.1346170310907989,0.0,0.9815813899040222
401,1642480,841.080834505413,5,0.9677384350188943,0.01059491453663054,0.9333012700080872,0.9861405491828918,37.24418604651163,12.231237217565663,16.0,77.0,1.361282542347908,0.6963406465947628,-0.05529642547480762,0.0067538458097260445,0.08150266436126326,0.9677384350188943,0.01059491453663054,0.9333012700080872,0.9861405491828918
402,1646576,959.1230792618537,9,0.9659396724880867,0.015968513637773334,0.8769971132278442,0.9870067238807678,39.320754716981135,18.434763698999493,15.0,142.0,1.3292535245418549,0.7447291687130928,-0.041060271207243204,0.003642441544798203,0.054224112735904946,0.9659396724880867,0.015968513637773334,0.8769971132278442,0.9870067238807678
403,1650672,1000.1906771505456,13,0.967942548613263,0.013253723707672168,0.9220404028892517,0.9878729581832886,37.00854700854701,15.30068750284627,14.0,90.0,1.322392761707306,0.7767444811761379,-0.028861745726317167,0.0023955549113452435,0.04429090463611726,0.967942548613263,0.013253723707672168,0.9220404028892517,0.9878729581832886
404,1654768,1003.4024353077929,17,0.9704007142927589,0.009606312864615147,0.9384985566139221,0.9870067238807678,34.170731707317074,11.089955403279053,15.0,71.0,1.287515938282013,0.806568581610918,-0.017597010999452323,0.0018836400413420051,0.036566243381239746,0.9704007142927589,0.009606312864615147,0.9384985566139221,0.9870067238807678
405,1658864,1004.2167008588106,21,0.9699415116228609,0.008641614715975273,0.9462944865226746,0.9870067238807678,34.7008547008547,9.976266671725647,15.0,62.0,1.367142915725708,0.8058496341109276,-0.004690469319029944,0.0015998544622561894,0.029133377485930957,0.9699415116228609,0.008641614715975273,0.9462944865226746,0.9870067238807678
406,1662960,928.3166165184555,26,0.9674201283640075,0.012036742944240352,0.9185755252838135,0.9896053671836853,37.61165048543689,13.895751260768185,12.0,94.0,1.4028836488723755,0.7901688702404499,0.007127279473934323,0.0021441949502332136,0.03956615548717045,0.9674201283640075,0.012036742944240352,0.9185755252838135,0.9896053671836853
407,1667056,711.6073984868576,32,0.9650567853450776,0.019439672171359647,0.8224254250526428,0.9870067238807678,40.34,22.442023081709902,15.0,205.0,1.4488158598542213,0.7831590846180916,0.009207349212374538,0.0023338553437497467,0.04248779171056756,0.9650567853450776,0.019439672171359647,0.8224254250526428,0.9870067238807678
408,1671152,915.3983853698829,36,0.9650116054450765,0.01396952492398973,0.8960539102554321,0.9878729581832886,40.3921568627451,16.127042726819106,14.0,120.0,1.4301298931241035,0.7776979543268681,0.0011988395035587018,0.0022912904460099526,0.03376141846339148,0.9650116054450765,0.01396952492398973,0.8960539102554321,0.9878729581832886
409,1675248,918.4765738574129,41,0.9632918214311406,0.014667617484016071,0.8951876759529114,0.9878729581832886,42.37755102040816,16.932950190848736,14.0,121.0,1.4569353088736534,0.7744712196290493,0.0058874081187241245,0.002391415386227891,0.03428450763347422,0.9632918214311406,0.014667617484016071,0.8951876759529114,0.9878729581832886
410,1679344,911.920891799603,45,0.9655720994752996,0.014435949216418928,0.9090471863746643,0.9896053671836853,39.745098039215684,16.665501689388645,12.0,105.0,1.4543086662888527,0.7705380395054817,0.0026643700930435443,0.002658414377947338,0.04054908664963111,0.9655720994752996,0.014435949216418928,0.9090471863746643,0.9896053671836853
411,1683440,928.0745991827047,49,0.9648024073921808,0.015608449614520343,0.8891241550445557,0.9861405491828918,40.633663366336634,18.01908931242237,16.0,128.0,1.449062630534172,0.7685162872076035,-0.0015390693843073677,0.0025386765773873776,0.036258854703804494,0.9648024073921808,0.015608449614520343,0.8891241550445557,0.9861405491828918
412,1687536,924.7793988156059,54,0.9647205599303385,0.014555374550317685,0.8951876759529114,0.9835418462753296,40.728155339805824,16.803371237544663,19.0,121.0,1.4236287772655487,0.7795071192085743,0.0007019986442173831,0.0024637191090732813,0.03984742817825495,0.9647205599303385,0.014555374550317685,0.8951876759529114,0.9835418462753296
413,1691632,815.1633100076863,59,0.9663194242645713,0.014379587907650385,0.9099133610725403,0.9844080805778503,38.88235294117647,16.600433562520827,18.0,104.0,1.4085789918899536,0.7809988558292389,0.0004623472777893767,0.0026246495253872126,0.03726823715769097,0.9663194242645713,0.014379587907650385,0.9099133610725403,0.9844080805778503
414,1695728,795.9581504441855,64,0.9629525457109723,0.01533816773359148,0.9073147177696228,0.9826756715774536,42.76923076923077,17.707065035051315,20.0,107.0,1.4371689409017563,0.7557343952357769,0.008115985445328988,0.0033989418152486905,0.04931166777531497,0.9629525457109723,0.01533816773359148,0.9073147177696228,0.9826756715774536
415,1699824,941.8148693635816,68,0.9625928581339641,0.024548968933778354,0.7817131876945496,0.9852743148803711,43.18446601941748,28.340422800669188,17.0,252.0,1.3977914080023766,0.769843190908432,-0.007894481204857584,0.002819910310790874,0.041970428402804086,0.9625928581339641,0.024548968933778354,0.7817131876945496,0.9852743148803711
416,1703920,939.7270036166091,73,0.9680324446587335,0.011093334072292207,0.9125120043754578,0.9896053671836853,36.904761904761905,12.806638018007032,12.0,101.0,1.4016761034727097,0.7800996154546738,-0.006644769688136876,0.0024093423853628337,0.03752250857085991,0.9680324446587335,0.011093334072292207,0.9125120043754578,0.9896053671836853
417,1708016,928.4897067106754,77,0.9630613982087315,0.01368665391776161,0.9003849625587463,0.9844080805778503,42.64356435643565,15.800478848750712,18.0,115.0,1.4453816786408424,0.7724339179694653,-0.00040885952876124065,0.002501930735888891,0.038911796070846306,0.9630613982087315,0.01368665391776161,0.9003849625587463,0.9844080805778503
418,1712112,921.2365289044719,82,0.9655296405156454,0.014323739682772563,0.9168431162834167,0.9896053671836853,39.794117647058826,16.53596095222803,12.0,96.0,1.420921951532364,0.7705449536442757,0.0004894402106856433,0.002444815712806303,0.03976587681608634,0.9655296405156454,0.014323739682772563,0.9168431162834167,0.9896053671836853
419,1716208,924.8606472028135,86,0.9635816088286779,0.014246390096404892,0.8899903893470764,0.9844080805778503,42.043010752688176,16.44666451688813,18.0,127.0,1.4279251024127007,0.7764915563166142,0.005123994356836192,0.002132790323230438,0.03926312120373668,0.9635816088286779,0.014246390096404892,0.8899903893470764,0.9844080805778503
420,1720304,718.1010915136106,92,0.9659340273250233,0.014025384194449273,0.9073147177696228,0.9878729581832886,39.32727272727273,16.19152926176866,14.0,107.0,1.4072607085108757,0.7900917045772076,-0.00408321413124213,0.0022631783795077354,0.03823583786286523,0.9659340273250233,0.014025384194449273,0.9073147177696228,0.9878729581832886
421,1724400,933.0095753144858,96,0.9649268507957458,0.01341462627364886,0.9142444729804993,0.9887391924858093,40.49,15.486442457840344,13.0,99.0,1.4157050028443336,0.783461831510067,0.007568157834612066,0.002145057893358171,0.04005130266988085,0.9649268507957458,0.01341462627364886,0.9142444729804993,0.9887391924858093
422,1728496,946.6847230978449,101,0.9626008376632769,0.0136785865151677,0.9289701581001282,0.9870067238807678,43.175257731958766,15.791169599010336,15.0,82.0,1.4523325487971306,0.7722413465380669,0.005545034357055556,0.0019837929066852666,0.03297053668536089,0.9626008376632769,0.0136785865151677,0.9289701581001282,0.9870067238807678
423,1732592,931.9059685614409,105,0.9645588004842718,0.010882803751192707,0.9350336790084839,0.9844080805778503,40.91489361702128,12.563591076334964,18.0,75.0,1.4730106070637703,0.7656998224556446,0.004274938386515714,0.0021666832108167,0.038909436562595434,0.9645588004842718,0.010882803751192707,0.9350336790084839,0.9844080805778503
424,1736688,928.7278739035265,109,0.9623289548832438,0.018520915687261417,0.8908565640449524,0.9861405491828918,43.48913043478261,21.381368649616725,16.0,126.0,1.4805983006954193,0.749084584414959,0.00314574503863696,0.003095209918683395,0.04299404770991122,0.9623289548832438,0.018520915687261417,0.8908565640449524,0.9861405491828918
425,1740784,923.0077874405406,114,0.9628898725651278,0.018307499222614303,0.8666024804115295,0.990471601486206,42.84158415841584,21.13498937090492,11.0,154.0,1.4334640502929688,0.7714688032865524,-0.004378506997454679,0.002555711558670737,0.03842701488191661,0.9628898725651278,0.018307499222614303,0.8666024804115295,0.990471601486206
426,1744879,836.9464892385059,5,0.9673096449751603,0.009558180598348273,0.9380857348442078,0.9847457408905029,36.43157894736842,10.652059481205299,17.0,69.0,1.4355484023690224,0.7736940495669842,-0.008850334997987375,0.0023574070655740798,0.03534919444668169,0.9673096449751603,0.009558180598348273,0.9380857348442078,0.9847457408905029
427,1748975,759.5754402542501,10,0.9654405695720784,0.011843483102031635,0.9255234003067017,0.9901295900344849,38.51456310679612,13.198899687643062,11.0,83.0,1.4422213658690453,0.7746393568813801,-0.0026167545438511297,0.002443614386720583,0.03676038638108266,0.9654405695720784,0.011843483102031635,0.9255234003067017,0.9901295900344849
428,1753071,927.6984842490124,15,0.9605184370471586,0.019884542763312717,0.8339980244636536,0.982053816318512,44.0,22.1602181581591,20.0,185.0,1.490358553826809,0.7666181437671185,0.006064918547053821,0.0022498033213196322,0.03600013097617717,0.9605184370471586,0.019884542763312717,0.8339980244636536,0.982053816318512
429,1757167,995.5101561351938,19,0.9620287589507528,0.015350836727522844,0.9003987908363342,0.9865403771400452,42.31683168316832,17.107656032088776,15.0,111.0,1.467043049633503,0.7746434435248375,0.0021760728068329627,0.002231100355857052,0.0387322431859817,0.9620287589507528,0.015350836727522844,0.9003987908363342,0.9865403771400452
430,1761263,1001.1298742226325,23,0.9632682582383515,0.014289717970321877,0.9066799879074097,0.9838484525680542,40.935483870967744,15.925097829994677,18.0,104.0,1.4818507358431816,0.7667664997279644,0.004435761315107811,0.002423371362965554,0.038940154503371904,0.9632682582383515,0.014289717970321877,0.9066799879074097,0.9838484525680542
431,1765359,1047.9813294421494,27,0.9621557962034166,0.015250161235439805,0.9084745645523071,0.9838484525680542,42.175257731958766,16.995457433890458,18.0,102.0,1.4804570525884628,0.7647173292934895,0.00018201205966761336,0.00252250004268717,0.03693930078751385,0.9621557962034166,0.015250161235439805,0.9084745645523071,0.9838484525680542
432,1769455,1077.4693291441743,31,0.9617307604627406,0.020409255314984755,0.8429710865020752,0.9838484525680542,42.648936170212764,22.744981886032043,18.0,175.0,1.502237357199192,0.7597531266510487,0.00306900361465523,0.002580108353868127,0.03613261225522692,0.9617307604627406,0.020409255314984755,0.8429710865020752,0.9838484525680542
433,1773551,860.7746170763853,35,0.9578774991360578,0.018858205224951626,0.8806580305099487,0.9829511642456055,46.94318181818182,21.016421044326187,19.0,133.0,1.4994906336069107,0.7574771493673325,0.007045419086352922,0.002358912373892963,0.03469485236422542,0.9578774991360578,0.018858205224951626,0.8806580305099487,0.9829511642456055
434,1777647,906.221701600865,40,0.9597452295587418,0.01918163404686644,0.8707876205444336,0.9865403771400452,44.861702127659576,21.376862150480218,15.0,144.0,1.4833103641867638,0.7567315325140953,0.003215840779375867,0.002437470066070091,0.038440786223727694,0.9597452295587418,0.01918163404686644,0.8707876205444336,0.9865403771400452
435,1781743,969.9338641211674,44,0.9610512163490057,0.015697326031105085,0.9021934270858765,0.9856430888175964,43.40625,17.49379540306124,16.0,109.0,1.4359875619411469,0.7655136920511723,-0.0027149757061124546,0.0023848072814871557,0.0376003441460355,0.9610512163490057,0.015697326031105085,0.9021934270858765,0.9856430888175964
436,1785839,999.613254018441,48,0.9634188281165229,0.014406030639984045,0.9111664891242981,0.9883350133895874,40.76767676767677,16.054722256202492,13.0,99.0,1.421573929488659,0.7692498229444027,-0.006796245143050328,0.00247701900661923,0.03905576674611936,0.9634188281165229,0.014406030639984045,0.9111664891242981,0.9883350133895874
437,1789935,995.8430010832628,52,0.9656281101482885,0.01339936628223194,0.9048853516578674,0.9856430888175964,38.30555555555556,14.932848661116285,16.0,106.0,1.3629414737224579,0.783936582505703,-0.0037993936930433847,0.0022033849090803415,0.04011759407282885,0.9656281101482885,0.01339936628223194,0.9048853516578674,0.9856430888175964
438,1794031,979.5563764074958,56,0.9655865712298287,0.01403251518162838,0.8914257287979126,0.9910269379615784,38.351851851851855,15.638458538472825,10.0,121.0,1.4079018384218216,0.7847543284296989,-0.004004271126177628,0.0020243680337443948,0.037958866353519895,0.9655865712298287,0.01403251518162838,0.8914257287979126,0.9910269379615784
439,1798127,942.641174704454,61,0.9644801419860912,0.014222374873340528,0.8950149416923523,0.9856430888175964,39.58490566037736,15.850044892816788,16.0,117.0,1.4267619475722313,0.7798974327743053,0.004165977690718137,0.0022844857594463974,0.04138532971825827,0.9644801419860912,0.014222374873340528,0.8950149416923523,0.9856430888175964
440,1802223,737.83282436224,66,0.9653534507288516,0.011916760155535853,0.9048853516578674,0.9838484525680542,38.61165048543689,13.280566874166135,18.0,106.0,1.4345214068889618,0.7787010744214058,-0.0023518130110460334,0.0023228296704473905,0.037978960783410405,0.9653534507288516,0.011916760155535853,0.9048853516578674,0.9838484525680542
441,1806319,860.1321020767292,71,0.9636942078085506,0.016106357506878097,0.8833499550819397,0.9847457408905029,40.46078431372549,17.949641740172375,17.0,130.0,1.4250662699341774,0.7889670915901661,0.0016623363953840453,0.002056199897197075,0.032533594499641494,0.9636942078085506,0.016106357506878097,0.8833499550819397,0.9847457408905029
442,1810415,942.2165238833963,75,0.9624745732545853,0.013243963785446115,0.9246261119842529,0.9865403771400452,41.82,14.759661242725048,15.0,84.0,1.4515783414244652,0.7707098312675953,0.004829697369132191,0.0023220092116389424,0.03801336861768146,0.9624745732545853,0.013243963785446115,0.9246261119842529,0.9865403771400452
443,1814511,956.7135172509346,80,0.9626877582990206,0.013496099654981374,0.919242262840271,0.9838484525680542,41.582417582417584,15.040652556326483,18.0,90.0,1.4648223593831062,0.7635398022830486,0.004470339743420482,0.002659356192452833,0.039487712497109036,0.9626877582990206,0.013496099654981374,0.919242262840271,0.9838484525680542
444,1818607,942.6127286168759,84,0.9598709006899411,0.016918967744172654,0.8959122896194458,0.9838484525680542,44.72164948453608,18.855250174284905,18.0,116.0,1.4732527658343315,0.7699973396956921,0.001125205966673093,0.0022335250905598514,0.03647790897218711,0.9598709006899411,0.016918967744172654,0.8959122896194458,0.9838484525680542
445,1822703,935.2844224852362,89,0.9598120489019029,0.014267080886841298,0.9120638370513916,0.9802592396736145,44.787234042553195,15.899867750303429,22.0,98.0,1.4865224361419678,0.7687696292996407,0.005576247873250395,0.0019288061230327003,0.03772895092338113,0.9598120489019029,0.014267080886841298,0.9120638370513916,0.9802592396736145
446,1826799,940.5911010753863,93,0.9645239508029112,0.013391961146243874,0.9282153248786926,0.9856430888175964,39.5360824742268,14.92459525132519,16.0,80.0,1.4266428649425507,0.7715351730585098,0.0031695888974354602,0.0025105401291511953,0.0404340948998094,0.9645239508029112,0.013391961146243874,0.9282153248786926,0.9856430888175964
447,1830895,695.4604257942326,99,0.9612740667242753,0.01997098277496892,0.8725822567939758,0.9865403771400452,43.1578947368421,22.256549971199455,15.0,142.0,1.4521719217300415,0.7628622241318226,0.0024881548670236953,0.0026462328096386045,0.037334014656300415,0.9612740667242753,0.01997098277496892,0.8725822567939758,0.9865403771400452
448,1834991,938.8546412971419,103,0.9630344223742392,0.014147035601727505,0.9102692008018494,0.9883350133895874,41.19607843137255,15.766083736489712,13.0,100.0,1.4643593579530716,0.7678548917174339,-0.003332796301037888,0.0026707735523814335,0.0375496742825503,0.9630344223742392,0.014147035601727505,0.9102692008018494,0.9883350133895874
449,1839087,943.5120931107441,107,0.9617312812543177,0.016235893014659872,0.9021934270858765,0.9856430888175964,42.64835164835165,18.093999750007363,16.0,109.0,1.4424087703227997,0.7548706158995628,0.0011165578507643659,0.0029401812207652256,0.04086885031817165,0.9617312812543177,0.016235893014659872,0.9021934270858765,0.9856430888175964
450,1843183,984.7605812126427,112,0.9617712857588282,0.016507708356517208,0.8959122896194458,0.9856430888175964,42.60377358490566,18.39692306373235,16.0,116.0,1.439125657081604,0.768377136439085,-0.009963221353245899,0.0025050522526726127,0.03535688506211401,0.9617712857588282,0.016507708356517208,0.8959122896194458,0.9856430888175964
451,1847278,908.8887234513064,4,0.9640330897437202,0.012478592472671416,0.9190279245376587,0.9869700074195862,38.644444444444446,13.407552690025218,14.0,87.0,1.3889464884996414,0.771426398307085,-0.00033356338826706633,0.0023849123681429774,0.03810128683855055,0.9640330897437202,0.012478592472671416,0.9190279245376587,0.9869700074195862
452,1851374,921.0502317172013,9,0.9657114699622181,0.0125702846107658,0.9199586510658264,0.9860392808914185,36.8411214953271,13.506073076849596,15.0,86.0,1.3814600110054016,0.7811429798603058,-0.007747042480332311,0.00206306588370353,0.03729929462125547,0.9657114699622181,0.0125702846107658,0.9199586510658264,0.9860392808914185
453,1855470,993.6141116949908,13,0.9611911854396263,0.013591365037228574,0.9171664714813232,0.9841778874397278,41.697916666666664,14.603167316021626,17.0,89.0,1.4376602992415428,0.769906509667635,0.007286304920853581,0.0023547098608105443,0.0358523109541716,0.9611911854396263,0.013591365037228574,0.9171664714813232,0.9841778874397278
454,1859566,1101.7204980507158,17,0.9629491372541947,0.01717274371590745,0.9004136323928833,0.9851085543632507,39.80909090909091,18.45116180355119,16.0,107.0,1.4156926721334457,0.7819009497761726,-0.005619004070467781,0.0019762766823987477,0.030867432279527377,0.9629491372541947,0.01717274371590745,0.9004136323928833,0.9851085543632507
455,1863662,704.0631632249682,22,0.9629948276281357,0.014201308615841221,0.9106515049934387,0.9869700074195862,39.76,15.258518932058905,14.0,96.0,1.4189400374889374,0.7775611020624638,0.002855476788681699,0.00248643166560214,0.04335123725898602,0.9629948276281357,0.014201308615841221,0.9106515049934387,0.9869700074195862
456,1867758,949.5699976045007,27,0.9614666349747601,0.014137969120063376,0.9078593850135803,0.9832471609115601,41.40196078431372,15.190463858413151,18.0,99.0,1.4384375289082527,0.7804701961576939,-0.001492303821578389,0.001951382750121411,0.030934369480528995,0.9614666349747601,0.014137969120063376,0.9078593850135803,0.9832471609115601
457,1871854,1012.7537907226802,31,0.9640762817625906,0.011757004616550382,0.9236814975738525,0.9851085543632507,38.59803921568628,12.632249271033285,16.0,82.0,1.4293253421783447,0.7729113437235355,0.001500675649367622,0.001960668232641183,0.03288414538821488,0.9640762817625906,0.011757004616550382,0.9236814975738525,0.9851085543632507
458,1875950,989.0936444492166,35,0.9612578731594663,0.01626125710106805,0.909720778465271,0.9860392808914185,41.62626262626262,17.47181618434421,15.0,97.0,1.4069180488586426,0.7709055207669735,0.001171703730506124,0.0025130808498943225,0.038397749286130524,0.9612578731594663,0.01626125710106805,0.909720778465271,0.9860392808914185
459,1880046,959.8585110849697,39,0.9649232008041592,0.01397162421520329,0.8901758193969727,0.9851085543632507,37.68807339449541,15.011736844122403,16.0,118.0,1.4299267306923866,0.7889989241957664,-0.009861645608907565,0.0022751877550035715,0.03741976985417972,0.9649232008041592,0.01397162421520329,0.8901758193969727,0.9851085543632507
460,1884142,926.6931175736552,44,0.9609751808643341,0.017276336450921307,0.880868673324585,0.9851085543632507,41.93,18.562464814781467,16.0,128.0,1.4383261129260063,0.7689422480762005,0.007940779876662418,0.00247043339186348,0.03818283096110866,0.9609751808643341,0.017276336450921307,0.880868673324585,0.9851085543632507
461,1888238,770.7572812554664,49,0.9648699490529187,0.01213910151724451,0.9227507710456848,0.9851085543632507,37.74528301886792,13.042789753060571,16.0,83.0,1.4291606694459915,0.7850092090666294,-0.004403281403938308,0.0021059452556073666,0.029288149763321343,0.9648699490529187,0.01213910151724451,0.9227507710456848,0.9851085543632507
462,1892334,724.7756915638294,55,0.9632550694194495,0.013815615363028463,0.9078593850135803,0.9841778874397278,39.48039215686274,14.844111787108508,17.0,99.0,1.4436803087592125,0.777996588498354,0.004564281454804586,0.0020743277491419576,0.03478531982842875,0.9632550694194495,0.013815615363028463,0.9078593850135803,0.9841778874397278
463,1896430,902.9738858804715,59,0.9602536326960514,0.017469498551487144,0.8827300667762756,0.9841778874397278,42.705263157894734,18.770006131962393,17.0,126.0,1.481522299349308,0.7661423459649086,0.008586862735683098,0.0024599739044788294,0.03959147944903118,0.9602536326960514,0.017469498551487144,0.8827300667762756,0.9841778874397278
464,1900526,902.0543306524753,64,0.9576842629096725,0.016438450194075076,0.8817993998527527,0.9841778874397278,45.46590909090909,17.66220210688528,17.0,127.0,1.4608164727687836,0.756806306540966,0.008005953619431239,0.002288628020323813,0.042685342061071864,0.9576842629096725,0.016438450194075076,0.8817993998527527,0.9841778874397278
465,1904622,914.24114288889,68,0.9626496829719187,0.01244857558220406,0.8966907858848572,0.9832471609115601,40.13084112149533,13.375304424625002,18.0,111.0,1.4067836254835129,0.7842420563101768,-0.006849129844340496,0.0022452080447692424,0.04066885537511097,0.9626496829719187,0.01244857558220406,0.8966907858848572,0.9832471609115601
466,1908718,911.779279376818,73,0.9645901912942939,0.01231082075855029,0.9134436249732971,0.9851085543632507,38.04587155963303,13.227289917148957,16.0,93.0,1.3962527960538864,0.7806430235505104,-0.007967214383825194,0.00220273008744698,0.03763035929669028,0.9645901912942939,0.01231082075855029,0.9134436249732971,0.9851085543632507
467,1912814,876.5876694606624,77,0.9623836614191532,0.014393917109380197,0.9134436249732971,0.9888314604759216,40.416666666666664,15.465463315256855,12.0,93.0,1.4209184050559998,0.7601606026291847,0.004916359594062669,0.0027097554557258263,0.041163792115936626,0.9623836614191532,0.014393917109380197,0.9134436249732971,0.9888314604759216
468,1916910,645.9094739324291,84,0.9616491251132068,0.01860620828527715,0.8901758193969727,0.9897621273994446,41.205882352941174,19.991340397485107,11.0,118.0,1.3954953625798225,0.763985350728035,-0.007160037901485339,0.0028760191053152084,0.04059547274360154,0.9616491251132068,0.01860620828527715,0.8901758193969727,0.9897621273994446
469,1921006,937.3339566269688,88,0.9634005504625814,0.014213970134331995,0.8697000741958618,0.9832471609115601,39.324074074074076,15.272117357691616,18.0,140.0,1.3829634711146355,0.7837397158145905,-0.009517715137917548,0.0018874148008762859,0.033810748677058175,0.9634005504625814,0.014213970134331995,0.8697000741958618,0.9832471609115601
470,1925102,946.2573081583644,93,0.9659146582871153,0.0127740317660319,0.9171664714813232,0.9869700074195862,36.62280701754386,13.724987042384958,14.0,89.0,1.352438822388649,0.7919728755950928,-0.006541454131365754,0.0022255526710068807,0.037819055507474275,0.9659146582871153,0.0127740317660319,0.9171664714813232,0.9869700074195862
471,1929198,930.8343212822422,97,0.964319660113408,0.011289917175198038,0.9339193105697632,0.9860392808914185,38.33653846153846,12.130389822611667,15.0,71.0,1.41565952450037,0.784844595938921,0.005395530330133624,0.002250414079753682,0.040522018040447534,0.964319660113408,0.011289917175198038,0.9339193105697632,0.9860392808914185
472,1933294,935.7123766006291,101,0.9619570833941301,0.01574337707487263,0.8790072202682495,0.9869700074195862,40.875,16.915383777299684,14.0,130.0,1.4216630458831787,0.7703254260122776,0.0007871430680097546,0.001989278076507617,0.034744584855954726,0.9619570833941301,0.01574337707487263,0.8790072202682495,0.9869700074195862
473,1937390,945.1589193395347,106,0.9645322684769158,0.01307742744696259,0.892967939376831,0.9841778874397278,38.108108108108105,14.05096986255407,17.0,115.0,1.430082306265831,0.7875915989279747,-0.004226381854095962,0.0020426666087587364,0.031332961790556585,0.9645322684769158,0.01307742744696259,0.892967939376831,0.9841778874397278
474,1941486,671.0313140045419,112,0.9652807321034226,0.016360862526843028,0.8920372128486633,0.9869700074195862,37.30392156862745,17.578835991537606,14.0,116.0,1.3984953984618187,0.7791297882795334,0.003434803173149703,0.0026179684355156496,0.040637868528283064,0.9652807321034226,0.016360862526843028,0.8920372128486633,0.9869700074195862
475,1945582,868.7842669354424,117,0.9618056253442224,0.016151791753918204,0.8911064863204956,0.9841778874397278,41.0377358490566,17.354203736456785,17.0,117.0,1.3813348188996315,0.7703441381454468,-0.005250345297099557,0.0022134279715828598,0.032403802419274014,0.9618056253442224,0.016151791753918204,0.8911064863204956,0.9841778874397278
476,1949677,901.2517098732195,4,0.9651127815246582,0.011853351352872112,0.9284639954566956,0.9835660457611084,36.08888888888889,12.261633427932335,17.0,74.0,1.4056709259748459,0.7735285572707653,-0.005215958470216719,0.0021971244859742,0.035259682776019374,0.9651127815246582,0.011853351352872112,0.9284639954566956,0.9835660457611084
477,1953773,955.5518812445763,9,0.9632470663988365,0.01256641898291052,0.9023630619049072,0.9874328970909119,38.0188679245283,12.99926059731459,13.0,101.0,1.4351722449064255,0.7778076305985451,0.0018901136354543269,0.0025728638865984976,0.03900621107495639,0.9632470663988365,0.01256641898291052,0.9023630619049072,0.9874328970909119
478,1957869,1085.1942862506605,13,0.9574852325022221,0.023109200531670676,0.7979592084884644,0.9845327734947205,43.979166666666664,23.905185615375498,16.0,209.0,1.4333479404449463,0.7639855034649372,0.003528217217535712,0.0024944588367361575,0.04064216439509596,0.9574852325022221,0.023109200531670676,0.7979592084884644,0.9845327734947205
479,1961965,1044.351869504383,16,0.961185984454065,0.014602800081353014,0.9033297300338745,0.9835660457611084,40.15094339622642,15.105785754503039,17.0,100.0,1.4257548451423645,0.7738132551312447,-0.007621685435879044,0.002194483982748352,0.03380117350521082,0.961185984454065,0.014602800081353014,0.9033297300338745,0.9835660457611084
480,1966061,944.3856605764139,21,0.9649457402318438,0.013140494287401883,0.912996768951416,0.9903329610824585,36.26168224299065,13.593110162837293,10.0,90.0,1.4414390698075294,0.7769172936677933,-0.004825541982427239,0.0022334987443173304,0.03337501218823934,0.9649457402318438,0.013140494287401883,0.912996768951416,0.9903329610824585
481,1970157,711.5069601896814,27,0.961872900844714,0.015073910284168804,0.9023630619049072,0.9854994416236877,39.440366972477065,15.593124333206472,15.0,101.0,1.433155857026577,0.7826544046401978,-0.007008309286902659,0.0019262782734585926,0.031572101029965535,0.961872900844714,0.015073910284168804,0.9023630619049072,0.9854994416236877
482,1974253,806.6116925781299,32,0.9597915483045054,0.017127599423217253,0.8820623159408569,0.9835660457611084,41.59340659340659,17.717550758460884,17.0,122.0,1.4773375988006592,0.7620197422802448,0.012676199898123741,0.002652883034897968,0.038746827005801135,0.9597915483045054,0.017127599423217253,0.8820623159408569,0.9835660457611084
483,1978349,953.1984425573166,36,0.95782277405262,0.02212488350607272,0.8433942198753357,0.9835660457611084,43.63,22.886963538224116,17.0,162.0,1.4663968905806541,0.770599003881216,0.0025049190917343367,0.002655773132573813,0.04074466945731454,0.95782277405262,0.02212488350607272,0.8433942198753357,0.9835660457611084
484,1982445,947.9456451111677,40,0.9603269135597909,0.015193788471910084,0.9120301008224487,0.9883995652198792,41.039603960396036,15.717128697590345,12.0,91.0,1.4456133544445038,0.7715730555355549,-0.0008390726779907709,0.0025044143112609163,0.03514016812498616,0.9603269135597909,0.015193788471910084,0.9120301008224487,0.9883995652198792
485,1986541,929.7565818121126,45,0.9592093579147173,0.014509107136283398,0.9091299772262573,0.9845327734947205,42.19565217391305,15.008866314713117,16.0,94.0,1.442120835185051,0.7622759863734245,-0.0010674959958123509,0.002215034532127902,0.03396239151134799,0.9592093579147173,0.014509107136283398,0.9091299772262573,0.9845327734947205
486,1990637,931.0509864852964,49,0.9623989204190811,0.015577385174764077,0.8897958993911743,0.9874328970909119,38.89622641509434,16.113939380667613,13.0,114.0,1.4224986135959625,0.7690225429832935,-0.009302102291258052,0.0023617751721758395,0.032259020748365175,0.9623989204190811,0.015577385174764077,0.8897958993911743,0.9874328970909119
487,1994733,798.8770430052551,54,0.9616351799637664,0.015063309741941724,0.8926960229873657,0.9883995652198792,39.68627450980392,15.582154443500905,12.0,111.0,1.4343061819672585,0.770861241966486,-0.0009539697530271951,0.002648227397003211,0.036106798325705056,0.9616351799637664,0.015063309741941724,0.8926960229873657,0.9883995652198792
488,1998829,720.8968992511217,60,0.95950173637242,0.020631203887057126,0.8337271809577942,0.981632649898529,41.89320388349515,21.341837584488907,19.0,172.0,1.4412353932857513,0.7720580212771893,0.0019959544151788577,0.0025018997985171154,0.035172560665742286,0.95950173637242,0.020631203887057126,0.8337271809577942,0.981632649898529
489,2002925,934.9071737856563,64,0.9615349090099334,0.015344884766495136,0.9052631855010986,0.9835660457611084,39.79,15.873433781006554,17.0,98.0,1.461746260523796,0.7754936590790749,0.003266600990173174,0.0023361781204584986,0.03454944179023653,0.9615349090099334,0.015344884766495136,0.9052631855010986,0.9835660457611084
490,2007021,954.0368524252018,69,0.9597610098620256,0.013037237802029023,0.9120301008224487,0.9854994416236877,41.625,13.486297057878168,15.0,91.0,1.4617053270339966,0.7754483036696911,0.003302456168057688,0.0021335186684154905,0.0335850894194462,0.9597610098620256,0.013037237802029023,0.9120301008224487,0.9854994416236877
491,2011117,941.1729648582075,73,0.9588126136799051,0.014989205070269069,0.8955961465835571,0.9825993776321411,42.60606060606061,15.505501260186987,18.0,108.0,1.4711248949170113,0.7739085741341114,0.006615412363316864,0.002099046454532072,0.03341010642272213,0.9588126136799051,0.014989205070269069,0.8955961465835571,0.9825993776321411
492,2015213,919.9571817180947,77,0.9572893272746693,0.017300598807490353,0.9042964577674866,0.9874328970909119,44.18181818181818,17.896511502718685,13.0,99.0,1.4695513769984245,0.7479491345584393,0.009562376886606216,0.002467057158355601,0.03741597975089452,0.9572893272746693,0.017300598807490353,0.9042964577674866,0.9874328970909119
493,2019309,914.5960030998546,82,0.9552094519779246,0.017747336493857048,0.8917292952537537,0.9864661693572998,46.333333333333336,18.358633569067646,14.0,112.0,1.4713037684559822,0.7474700100719929,-0.005742945191741455,0.0026148080069106072,0.038087669215606405,0.9552094519779246,0.017747336493857048,0.8917292952537537,0.9864661693572998
494,2023405,664.8694871769965,88,0.9584821400543054,0.018463221117659558,0.8540279269218445,0.9825993776321411,42.947916666666664,19.0991763520417,18.0,151.0,1.461070902645588,0.7603821493685246,0.0015815454971743748,0.002473088083206676,0.03465557352789783,0.9584821400543054,0.018463221117659558,0.8540279269218445,0.9825993776321411
495,2027501,867.331813791428,93,0.9585600270300495,0.01609366183671876,0.9149301648139954,0.9854994416236877,42.86734693877551,16.64799905553526,15.0,88.0,1.4676639214158058,0.7701505869626999,0.0006594314218091313,0.002446840939228423,0.03641689467223879,0.9585600270300495,0.01609366183671876,0.9149301648139954,0.9854994416236877
496,2031597,923.7968373536816,97,0.9582966617358628,0.01504810785717711,0.8946294188499451,0.980665922164917,43.13978494623656,15.566431623918788,20.0,109.0,1.5099267289042473,0.7616045586764812,0.00271251057893096,0.0021839070323039778,0.0364414707240123,0.9582966617358628,0.01504810785717711,0.8946294188499451,0.980665922164917
497,2035693,915.6715600747743,102,0.9579806645711263,0.016522289230028908,0.8955961465835571,0.9854994416236877,43.46666666666667,17.09138834488163,15.0,108.0,1.4831114038825035,0.7565451189875603,0.007669785991311073,0.0026786466769408435,0.03590864718806122,0.9579806645711263,0.016522289230028908,0.8955961465835571,0.9854994416236877
498,2039789,908.9860080168097,106,0.9579733597863581,0.015798242597487005,0.9081632494926453,0.9845327734947205,43.47422680412371,16.342401231471943,16.0,95.0,1.4669127315282822,0.7583107240498066,-0.001144174577348167,0.0027708066045306623,0.04058354641090426,0.9579733597863581,0.015798242597487005,0.9081632494926453,0.9845327734947205
499,2043885,909.8690606891521,111,0.9576607332343147,0.016830446867519423,0.9023630619049072,0.9825993776321411,43.79761904761905,17.41016380896157,18.0,101.0,1.4629907682538033,0.7428383231163025,0.0024641289473947836,0.0032034705218393356,0.0438002337066735,0.9576607332343147,0.016830446867519423,0.9023630619049072,0.9825993776321411
500,2047981,676.6849567574144,117,0.962553456696597,0.019360254643623027,0.8810955882072449,0.9864661693572998,38.736363636363635,20.0271076624238,14.0,123.0,1.4043534770607948,0.7564974911510944,-0.011440407048212364,0.0033506589388707653,0.04682207755295309,0.962553456696597,0.019360254643623027,0.8810955882072449,0.9864661693572998
501,2052076,1046.652431191674,4,0.9637671257320203,0.01341497133885723,0.9275977611541748,0.9859218001365662,36.03157894736842,13.340443164404798,14.0,72.0,1.398230493068695,0.7719159722328186,-0.009663811331847683,0.0025031162658706307,0.03591083492343592,0.9637671257320203,0.01341497133885723,0.9275977611541748,0.9859218001365662
502,2056172,1073.1856455391994,7,0.9624888541501596,0.013224324888310941,0.8924022316932678,0.9849162101745605,37.30275229357798,13.15085694152437,15.0,107.0,1.3967180997133255,0.7846588902175426,-0.006407891647540964,0.002010059091844596,0.03233565763936183,0.9624888541501596,0.013224324888310941,0.8924022316932678,0.9849162101745605
503,2060268,1072.8920934619782,11,0.9610242087531973,0.012055293360811997,0.9265921711921692,0.9818994402885437,38.75925925925926,11.98832021901006,18.0,73.0,1.3997320607304573,0.7878773733973503,0.0007458607196895173,0.0016551952066947706,0.031866450371613224,0.9610242087531973,0.012055293360811997,0.9265921711921692,0.9818994402885437
504,2064364,1097.0175890038922,15,0.9626592176301139,0.014572374611409703,0.9145251512527466,0.9849162101745605,37.13333333333333,14.491420559809512,15.0,85.0,1.4259863048791885,0.7808620557188988,-0.0005441373104986269,0.0019878041275660507,0.03160536901009412,0.9626592176301139,0.014572374611409703,0.9145251512527466,0.9849162101745605
505,2068460,1088.4686690334388,19,0.9622447978366505,0.014589127494533408,0.9155307412147522,0.9899441599845886,37.54545454545455,14.508076975280396,10.0,84.0,1.4278968796133995,0.7893836200237274,0.0006337502700262121,0.0020692502439487725,0.0314448199753579,0.9622447978366505,0.014589127494533408,0.9155307412147522,0.9899441599845886
506,2072556,1097.0191301031812,23,0.9613966467203917,0.014296545164436706,0.913519561290741,0.9859218001365662,38.388888888888886,14.217121481153509,14.0,86.0,1.459559716284275,0.7820726558566093,0.004808381898328662,0.0024269416026072577,0.038825921337253676,0.9613966467203917,0.014296545164436706,0.913519561290741,0.9859218001365662
507,2076652,1091.3829378067076,26,0.9567918663329267,0.01977484538401732,0.8652514219284058,0.9818994402885437,42.96808510638298,19.664987856518298,18.0,134.0,1.4577194526791573,0.7642121724784374,0.00663381144113373,0.002435753609461244,0.04267663091020728,0.9567918663329267,0.01977484538401732,0.8652514219284058,0.9818994402885437
508,2080748,1081.7100381755884,30,0.958501413310926,0.015917749741975903,0.9145251512527466,0.9859218001365662,41.2680412371134,15.82931865725555,14.0,85.0,1.439109906554222,0.762847077101469,0.0042321417276980355,0.0026091752079082653,0.03986281530632598,0.958501413310926,0.015917749741975903,0.9145251512527466,0.9859218001365662
509,2084844,1084.4788423384268,34,0.9596841864439906,0.017055139817979518,0.8592178821563721,0.9818994402885437,40.09183673469388,16.960390069815116,18.0,140.0,1.4413389563560486,0.7665790617465973,0.0013841937216056976,0.0024733731406740844,0.034950373949434996,0.9596841864439906,0.017055139817979518,0.8592178821563721,0.9818994402885437
510,2088940,1090.9974487738505,38,0.957278447402151,0.014462987207654607,0.9145251512527466,0.9829050302505493,42.48421052631579,14.382638040648532,17.0,85.0,1.425560124218464,0.7615673504769802,0.0011650879423541483,0.0027703572995960712,0.037647582658639656,0.957278447402151,0.014462987207654607,0.9145251512527466,0.9829050302505493
511,2093036,1088.2438982181422,41,0.9562618668796947,0.0384581127447512,0.6017876863479614,0.9849162101745605,43.49514563106796,38.2444548392269,15.0,396.0,1.4422105327248573,0.7621789276599884,-0.008819872775347903,0.0025247421872336417,0.04026178204645049,0.9562618668796947,0.0384581127447512,0.6017876863479614,0.9849162101745605
512,2097132,1088.1426437925265,45,0.9608207981173809,0.01525871150656833,0.918547511100769,0.9839106202125549,38.96153846153846,15.173942161154402,16.0,81.0,1.4155482351779938,0.7736851386725903,-0.0011354460220900364,0.002567554111010395,0.03673340381492539,0.9608207981173809,0.01525871150656833,0.918547511100769,0.9839106202125549
513,2101228,1072.3958331798801,49,0.9600889520737731,0.0151082053582668,0.9145251512527466,0.9859218001365662,39.689320388349515,15.02427106043256,14.0,85.0,1.4367908835411072,0.7720438502728939,-0.001178573143988615,0.0024289873836096376,0.0352304970966086,0.9600889520737731,0.0151082053582668,0.9145251512527466,0.9859218001365662
514,2105324,1106.8342305330343,53,0.9610078675406319,0.015215615333798178,0.9094972014427185,0.9839106202125549,38.775510204081634,15.13108073904599,16.0,90.0,1.4597585126757622,0.7617859430611134,0.002742865594200339,0.00251901158480905,0.04002341966062478,0.9610078675406319,0.015215615333798178,0.9094972014427185,0.9839106202125549
515,2109420,1131.9149665795937,56,0.9551898295782051,0.029393233139218596,0.7264804244041443,0.9839106202125549,44.56122448979592,29.229935147117697,16.0,272.0,1.430725246667862,0.7588605657219887,-0.0009042517885973211,0.003009339969139546,0.035210674092572704,0.9551898295782051,0.029393233139218596,0.7264804244041443,0.9839106202125549
516,2113516,1152.6296717583587,60,0.9603498099006225,0.016367227535897644,0.9094972014427185,0.9849162101745605,39.429906542056074,16.276301302919382,15.0,90.0,1.433947280049324,0.7752430066466331,-0.00618083749213838,0.002423366197035648,0.03455609254062886,0.9603498099006225,0.016367227535897644,0.9094972014427185,0.9849162101745605
517,2117612,1145.2289474752542,63,0.9591752579531718,0.016016432336247485,0.9105027914047241,0.9869273900985718,40.597938144329895,15.927451368281034,13.0,89.0,1.4689047187566757,0.7586406469345093,0.0026968883648805786,0.0023989417459233664,0.035789802342944946,0.9591752579531718,0.016016432336247485,0.9105027914047241,0.9869273900985718
518,2121708,1151.9867049797922,67,0.9582582969291538,0.017201776670140646,0.8592178821563721,0.9879329800605774,41.509803921568626,17.106210945230675,12.0,140.0,1.4192528873682022,0.7766492106020451,-0.0033855320762086194,0.0022016864095348865,0.03437154148415946,0.9582582969291538,0.017201776670140646,0.8592178821563721,0.9879329800605774
519,2125804,1141.6488834117088,71,0.9598871499300003,0.012735582168285896,0.9215642213821411,0.9849162101745605,39.89,12.6648292526982,15.0,78.0,1.4267471134662628,0.7721925005316734,-6.247392229852267e-05,0.0020988712276448496,0.03407501363639487,0.9598871499300003,0.012735582168285896,0.9215642213821411,0.9849162101745605
520,2129900,1127.7159294763885,74,0.9564448950266597,0.017003996758309027,0.905474841594696,0.9829050302505493,43.313131313131315,16.90953138945724,17.0,94.0,1.4368405640125275,0.7660874500870705,0.0020262657599232625,0.0024299188662553206,0.03638337699637835,0.9564448950266597,0.017003996758309027,0.905474841594696,0.9829050302505493
521,2133996,1106.2739529935595,78,0.9567258779922229,0.014738589526295517,0.8924022316932678,0.9788826704025269,43.03370786516854,14.656707969354063,21.0,107.0,1.428858920931816,0.756167110055685,0.005275010837067384,0.0025187822175212204,0.03670257265113268,0.9567258779922229,0.014738589526295517,0.8924022316932678,0.9788826704025269
522,2138092,1140.727859236563,82,0.9571978561949022,0.01603042088453574,0.8954190015792847,0.9839106202125549,42.56435643564357,15.941362751283314,16.0,104.0,1.412831388413906,0.7633348107337952,-0.0047164205916487845,0.002300409549206961,0.037353675009003384,0.9571978561949022,0.01603042088453574,0.8954190015792847,0.9839106202125549
523,2142188,1120.7516101957076,85,0.9598362752706697,0.01570638011245068,0.9034636616706848,0.9839106202125549,39.94059405940594,15.619118636268375,16.0,96.0,1.4248990938067436,0.764708511531353,-0.006848199551313883,0.00243675138335675,0.0390776051699339,0.9598362752706697,0.01570638011245068,0.9034636616706848,0.9839106202125549
524,2146284,1122.730411227651,89,0.9620197690450228,0.015307895560914926,0.9064804315567017,0.9859218001365662,37.76923076923077,15.222851477321576,14.0,93.0,1.4067433327436447,0.77023571357131,-0.004715468323411187,0.0029166208987589926,0.038750992020285265,0.9620197690450228,0.015307895560914926,0.9064804315567017,0.9859218001365662
525,2150380,1126.3472381893102,93,0.9593875824280504,0.02184412420366133,0.8069273829460144,0.9849162101745605,40.386792452830186,21.72276901053883,15.0,192.0,1.425422452390194,0.7735025174915791,-0.0025052415439859033,0.0027421764680184424,0.03793191106558881,0.9593875824280504,0.02184412420366133,0.8069273829460144,0.9849162101745605
526,2154475,1221.7007842838304,3,0.8481903344812528,0.07723026074341441,0.5912350416183472,0.9390438199043274,42.33802816901409,21.538660728351648,17.0,114.0,1.4977889880537987,0.7159969583153725,0.04777412349358201,0.003060846371226944,0.06127847649912889,0.8481903344812528,0.07723026074341441,0.5912350416183472,0.9390438199043274
527,2158571,1230.1959982092565,6,0.8160045538629804,0.07788754958374687,0.5338645577430725,0.921115517616272,51.31428571428572,21.721972323724497,22.0,130.0,1.5669655576348305,0.667650617659092,0.05006742523983121,0.0025210702151525766,0.06110780486303258,0.8160045538629804,0.07788754958374687,0.5338645577430725,0.921115517616272
528,2162667,1241.8660360425808,10,0.7470245981027209,0.17576220848717075,0.0,0.9426294565200806,69.66666666666667,45.36273556321066,16.0,251.0,1.6250952631235123,0.6091563105583191,0.055214853724464774,0.005144258422660641,0.0652890327035563,0.7470245981027209,0.17576220848717075,0.0,0.9426294565200806
529,2166763,1225.0502277270195,13,0.7411235052347184,0.16999348455186558,0.0,0.9390438199043274,71.64,45.08115349012268,17.0,251.0,1.6737612262368202,0.5591126158833504,0.045865091728046536,0.0040058451413642615,0.05171268392858939,0.7411235052347184,0.16999348455186558,0.0,0.9390438199043274
530,2170859,1217.3058551723777,17,0.6327910609543324,0.2247173224431004,0.0,0.8996015787124634,100.86111111111111,58.49461170710882,28.0,251.0,1.7165891230106354,0.49435669369995594,0.057300636311993,0.005018894735258073,0.0620098708866179,0.6327910609543324,0.2247173224431004,0.0,0.8996015787124634
531,2174955,1271.32222173464,20,0.6220916330814361,0.21194728493881487,0.0,0.8888446092605591,104.0,55.20009057963583,31.0,251.0,1.7125188931822777,0.4654338378459215,0.04508394352160394,0.004309889365686104,0.05585350786679334,0.6220916330814361,0.21194728493881487,0.0,0.8888446092605591
532,2179051,1275.9030858820026,23,0.5785584964535453,0.25043392969773043,0.0,0.8745020031929016,115.0,64.21979304063365,35.0,251.0,1.7451167479157448,0.41807580925524235,0.04452472715638578,0.00471633359848056,0.04968322668334864,0.5785584964535453,0.25043392969773043,0.0,0.8745020031929016
533,2183147,1269.6839788681,26,0.5683323864425932,0.25855936704002896,0.0,0.8852589726448059,117.2,65.33071909249782,32.0,251.0,1.7464292496442795,0.38785088062286377,0.032918762997724116,0.004682020968175493,0.04960363797903165,0.5683323864425932,0.25855936704002896,0.0,0.8852589726448059
534,2187243,1276.4870618357925,29,0.5215014982968569,0.2718855817669155,0.0,0.9031872749328613,128.21875,65.93165702784589,27.0,251.0,1.7627592906355858,0.34496129490435123,0.029017735389061272,0.004543354662018828,0.046198917006025936,0.5215014982968569,0.2718855817669155,0.0,0.9031872749328613
535,2191339,1279.4373697605877,33,0.4848243381940957,0.2851802663812216,0.0,0.8637450337409973,138.6060606060606,71.20433226262307,38.0,251.0,1.7394337207078934,0.31391260027885437,0.02767530526034534,0.005290629371302202,0.046155608287400215,0.4848243381940957,0.2851802663812216,0.0,0.8637450337409973
536,2195435,1270.5617681502943,36,0.5786230061203241,0.2970680389293309,0.0,0.9354581832885742,114.03125,76.31451548321263,18.0,251.0,1.7317366003990173,0.3001156188547611,0.00961823890247615,0.006524025346152484,0.05537410624459686,0.5786230061203241,0.2970680389293309,0.0,0.9354581832885742
537,2199531,1293.8116685379885,39,0.44757220800966024,0.30825102965357365,0.0,0.8745020031929016,147.09375,76.1295603621714,35.0,251.0,1.7347738593816757,0.2821952700614929,0.015477040549740195,0.0061462064331863075,0.05695097287962517,0.44757220800966024,0.30825102965357365,0.0,0.8745020031929016
538,2203627,1275.1414975470782,42,0.5101828014149385,0.2867520658607877,0.0,0.8852589726448059,133.3235294117647,74.44845061724226,32.0,251.0,1.701424092054367,0.28197140619158745,0.0028821992927987594,0.007645995676284656,0.05800253919283003,0.5101828014149385,0.2867520658607877,0.0,0.8852589726448059
539,2207723,1287.3957736528178,45,0.6576693208577732,0.26036871927743543,0.0,0.9498007893562317,93.72916666666667,68.40283241678584,14.0,251.0,1.6638800874352455,0.3257521353662014,-0.026442933827638626,0.010210285719949752,0.07281547855113801,0.6576693208577732,0.26036871927743543,0.0,0.9498007893562317
540,2211819,1284.7525545494907,49,0.6821310440910623,0.2569966909523403,0.0,0.921115517616272,86.27659574468085,65.53306851706327,22.0,251.0,1.6403937563300133,0.336591474711895,-0.029097938793711364,0.010195967683102936,0.07071087493140199,0.6821310440910623,0.2569966909523403,0.0,0.921115517616272
541,2215915,1276.7976588792812,52,0.7229048715610253,0.19502805864514033,0.0,0.960557758808136,76.78947368421052,52.67368491171974,11.0,251.0,1.5774389654397964,0.4041648991405964,-0.03189095773268491,0.012130638002417982,0.0823688943938478,0.7229048715610253,0.19502805864514033,0.0,0.960557758808136
542,2220011,1285.8327903180693,55,0.7404444729909301,0.20496030785640432,0.0,0.921115517616272,71.515625,54.138708479787134,22.0,251.0,1.5641249045729637,0.4478872325271368,-0.04163499770220369,0.011733751103747636,0.07464835131920072,0.7404444729909301,0.20496030785640432,0.0,0.921115517616272
543,2224107,1275.9478131885287,58,0.7624169963377493,0.15187309233746474,0.25418326258659363,0.9390438199043274,66.25925925925925,42.35571813475203,17.0,208.0,1.5698675513267517,0.4451565835624933,-0.018651439720997587,0.009788302122615278,0.07608077432036967,0.7624169963377493,0.15187309233746474,0.25418326258659363,0.9390438199043274
544,2228203,1244.1604712724563,62,0.7402209341526031,0.20525495921920078,0.0,0.9498007893562317,71.18181818181819,52.79345376399027,14.0,251.0,1.5415636152029037,0.4604134075343609,-0.01805361534934491,0.00843312093638815,0.07292660317574975,0.7402209341526031,0.20525495921920078,0.0,0.9498007893562317
545,2232299,1259.2039999308092,65,0.8034547512020384,0.11380929147564119,0.46932271122932434,0.9354581832885742,54.81428571428572,31.74014711332495,18.0,148.0,1.490565910935402,0.5096274130046368,-0.04389721900224686,0.00791746421600692,0.07543354602700497,0.8034547512020384,0.11380929147564119,0.46932271122932434,0.9354581832885742
546,2236395,1251.874669923023,68,0.8062497012945543,0.15650263384952673,0.0,0.9390438199043274,53.69879518072289,41.99045644290319,17.0,251.0,1.4358983859419823,0.5568511709570885,-0.03768962365575135,0.008918696723412722,0.07247590272351917,0.8062497012945543,0.15650263384952673,0.0,0.9390438199043274
547,2240491,1279.5370441828697,71,0.8264196270919708,0.09939676238629946,0.3904382586479187,0.9354581832885742,48.40963855421687,27.720653056763535,18.0,170.0,1.44090536236763,0.5834319032728672,-0.025739407865330577,0.007124855212168768,0.05861044689470757,0.8264196270919708,0.09939676238629946,0.3904382586479187,0.9354581832885742
548,2244587,1237.207920495463,75,0.8193227094800576,0.14836052778755265,0.0,0.9426294565200806,49.78260869565217,38.097936177971555,16.0,251.0,1.3739755600690842,0.6190891303122044,-0.018829249311238527,0.00743594000232406,0.05834069165260546,0.8193227094800576,0.14836052778755265,0.0,0.9426294565200806
549,2248683,1258.1326433421648,78,0.8338832911323099,0.11875803006869222,0.0,0.9533864259719849,46.0,30.87698552796431,13.0,251.0,1.45268914103508,0.6155068390071392,-0.004953782263328321,0.006313036952633411,0.05657223745321066,0.8338832911323099,0.11875803006869222,0.0,0.9533864259719849
550,2252779,1247.9925497619026,81,0.8289116251875054,0.12988732126384817,0.0,0.9390438199043274,47.39772727272727,34.269500013836605,17.0,251.0,1.4661994948983192,0.6275911740958691,0.00026950241954182275,0.0064700780203565955,0.053344072309132906,0.8289116251875054,0.12988732126384817,0.0,0.9390438199043274
551,2256874,1233.0710143062447,3,0.8141908248265585,0.0830621134739088,0.5541666746139526,0.9291666746139526,44.594202898550726,19.934907727495496,17.0,107.0,1.4666427001357079,0.6107162982225418,0.013693823158973828,0.004478601593291387,0.04498820281672235,0.8141908248265585,0.0830621134739088,0.5541666746139526,0.9291666746139526
552,2260970,1234.464912079633,6,0.7928728069129743,0.1226884525036299,0.0,0.9333333373069763,49.39473684210526,27.464847842943005,16.0,216.0,1.5180101543664932,0.601849153637886,0.009643633791711181,0.005025161546654999,0.050759330046908045,0.7928728069129743,0.1226884525036299,0.0,0.9333333373069763
553,2265066,1246.032352845396,10,0.7592905393323383,0.1422756955183007,0.0,0.9291666746139526,57.445945945945944,32.48747862405499,17.0,216.0,1.5538760423660278,0.57824382558465,0.018165339599363506,0.004533167477347888,0.046611714812261715,0.7592905393323383,0.1422756955183007,0.0,0.9291666746139526
554,2269162,1258.697695437384,13,0.7404411785742816,0.14085164024463506,0.0,0.9291666746139526,61.94117647058823,32.02567093154985,17.0,216.0,1.5287739485502243,0.5610235407948494,0.017406940401997417,0.004597124498104677,0.044655279477197565,0.7404411785742816,0.14085164024463506,0.0,0.9291666746139526
555,2273258,1260.484677217351,16,0.786785714328289,0.11267836897066617,0.20416666567325592,0.9333333373069763,51.17142857142857,27.042808089910988,16.0,191.0,1.5227531045675278,0.5541862398386002,0.002009200965403579,0.005007570027373731,0.04810967376120367,0.786785714328289,0.11267836897066617,0.20416666567325592,0.9333333373069763
556,2277354,1294.3203902820057,19,0.7313690465475832,0.19176591914491897,0.0,0.9333333373069763,63.785714285714285,43.51383781778681,16.0,216.0,1.557796522974968,0.5337858647108078,0.008108204940072028,0.007551846618298441,0.05545560969251255,0.7313690465475832,0.19176591914491897,0.0,0.9333333373069763
557,2281450,1267.9207111037636,23,0.762997513609146,0.1555804859027121,0.0,0.9458333253860474,56.52238805970149,35.65814395223153,13.0,216.0,1.5206731334328651,0.524947002530098,-0.0005522754054254619,0.006270857440540567,0.0510415970590359,0.762997513609146,0.1555804859027121,0.0,0.9458333253860474
558,2285546,1263.2269756748278,26,0.7335648144491844,0.1943177774490833,0.0,0.9166666865348816,63.27777777777778,44.22393212774624,20.0,216.0,1.5183652117848396,0.5268193557858467,-0.00622494584240485,0.008528499689418823,0.06206878327498952,0.7335648144491844,0.1943177774490833,0.0,0.9166666865348816
559,2289642,1279.0498734229802,29,0.7803403747753358,0.14233511147120867,0.19583334028720856,0.9375,52.71830985915493,34.16042644891297,15.0,193.0,1.5077597200870514,0.5274595245718956,-0.0017454246990382671,0.0066009902220685035,0.0495923337838152,0.7803403747753358,0.14233511147120867,0.19583334028720856,0.9375
560,2293738,1265.1663101762197,32,0.7549890344472308,0.1936763213488264,0.0,0.9333333373069763,57.85526315789474,42.88500656509968,16.0,216.0,1.511751502752304,0.5391456857323647,-0.007313165420782752,0.008717363059986383,0.06115281564461304,0.7549890344472308,0.1936763213488264,0.0,0.9333333373069763
561,2297834,1300.9532231058624,35,0.7887195108867273,0.11238040775077882,0.3708333373069763,0.9291666746139526,50.707317073170735,26.971298116149253,17.0,151.0,1.4812622666358948,0.5679092220962048,-0.012250724626937881,0.006894397520227358,0.055630306922140355,0.7887195108867273,0.11238040775077882,0.3708333373069763,0.9291666746139526
562,2301930,1268.0388149784424,39,0.7711580070582303,0.10717783255369741,0.3375000059604645,0.9208333492279053,54.922077922077925,25.722679988914646,19.0,159.0,1.50680660456419,0.5746140889823437,-0.004262516362359747,0.005164000467630103,0.044175884920202614,0.7711580070582303,0.10717783255369741,0.3375000059604645,0.9208333492279053
563,2306026,1260.5353591665319,42,0.775722223520279,0.1290516947437442,0.0,0.9208333492279053,53.50666666666667,29.115573534145298,19.0,216.0,1.5261204242706299,0.5550660006701946,0.0011618350181379355,0.005223579209996387,0.04624503706991282,0.775722223520279,0.1290516947437442,0.0,0.9208333492279053
564,2310122,1252.893449935477,45,0.7753086432262704,0.13368616297752184,0.27916666865348816,0.9208333492279053,53.925925925925924,32.08467877035677,19.0,173.0,1.4900130480527878,0.5767238512635231,-0.0025283797149313614,0.0061335697246249765,0.049915423884114865,0.7753086432262704,0.13368616297752184,0.27916666865348816,0.9208333492279053
565,2314218,1190.3195647138648,49,0.7774154591387596,0.1309905252356268,0.24583333730697632,0.9375,53.42028985507246,31.437725789479977,15.0,181.0,1.536954216659069,0.5559688620269299,0.012634507758775726,0.006245387776289135,0.049764499117547364,0.7774154591387596,0.1309905252356268,0.24583333730697632,0.9375
566,2318314,1261.635550663682,52,0.7722426446921685,0.12243822664506746,0.3291666805744171,0.8999999761581421,54.661764705882355,29.385175481223243,24.0,161.0,1.5307679548859596,0.5512413643300533,0.006375469354679808,0.0056503984378650784,0.04808015266405346,0.7722426446921685,0.12243822664506746,0.3291666805744171,0.8999999761581421
567,2322410,1279.113487490763,55,0.7302083327538438,0.22274542231517844,0.0,0.9166666865348816,63.083333333333336,48.071922389501154,20.0,216.0,1.5210174545645714,0.5516339056193829,0.014663039415609092,0.008041161927394569,0.06781421341030228,0.7302083327538438,0.22274542231517844,0.0,0.9166666865348816
568,2326506,1283.9796965240805,58,0.758574877096259,0.16483730797754495,0.0,0.9291666746139526,57.2463768115942,36.44149800334199,17.0,216.0,1.5510462522506714,0.5377826765179634,0.0013125568766554352,0.006005121278576553,0.04873204084142853,0.758574877096259,0.16483730797754495,0.0,0.9291666746139526
569,2330602,1311.5759586143483,61,0.7486742441401337,0.15147486090051,0.0,0.9291666746139526,59.95454545454545,34.63420616839082,17.0,216.0,1.5492096319794655,0.5344996526837349,0.009470644072280265,0.005584991478826851,0.04653103828637102,0.7486742441401337,0.15147486090051,0.0,0.9291666746139526
570,2334698,1278.845075299835,65,0.7217447906732559,0.1889878319135119,0.0,0.9208333492279053,65.65625,41.14920213002313,19.0,216.0,1.5445189103484154,0.5396564602851868,0.010593195504043251,0.006382364459568635,0.0538642924088627,0.7217447906732559,0.1889878319135119,0.0,0.9208333492279053
571,2338794,1313.7650578657501,68,0.7534722207734982,0.12896863566987193,0.17916665971279144,0.8999999761581421,59.166666666666664,30.95247252733706,24.0,197.0,1.5225326865911484,0.542501725256443,0.0004387117878650315,0.0055079596932046115,0.04636990438224652,0.7534722207734982,0.12896863566987193,0.17916665971279144,0.8999999761581421
572,2342890,1334.0287613510754,71,0.7701013484919393,0.11887066614718614,0.24166665971279144,0.9208333492279053,55.17567567567568,28.528960206944248,19.0,182.0,1.4890387207269669,0.5568516999483109,-0.005988334676658269,0.005033810826716945,0.045650152286846074,0.7701013484919393,0.11887066614718614,0.24166665971279144,0.9208333492279053
573,2346986,1300.0412175228425,74,0.7852848096738888,0.08538826041586535,0.5291666388511658,0.9208333492279053,51.53164556962025,20.49318222105257,19.0,113.0,1.4960290342569351,0.560758113861084,-0.01026694844767917,0.004966952052200213,0.04812064173416288,0.7852848096738888,0.08538826041586535,0.5291666388511658,0.9208333492279053
574,2351082,1281.8264856317946,77,0.7590174123422423,0.18419854286039739,0.0,0.9291666746139526,56.76119402985075,39.84263431328373,17.0,216.0,1.5435297787189484,0.5403658598661423,0.0029997939927852713,0.0068188420264050364,0.058846076657971466,0.7590174123422423,0.18419854286039739,0.0,0.9291666746139526
575,2355178,1293.8561011691713,80,0.731311276774196,0.19503840107348222,0.0,0.9375,63.779411764705884,44.26917849203735,15.0,216.0,1.5474625080823898,0.5296900682151318,0.01231013290816918,0.008401208557188511,0.0633965250937597,0.731311276774196,0.19503840107348222,0.0,0.9375
576,2359273,1192.862488639773,3,0.8265295338027084,0.06374524800393376,0.6166666746139526,0.9416666626930237,41.63291139240506,15.298860067727123,14.0,92.0,1.4368014633655548,0.5939499251544476,-0.032870330032892525,0.004727094143163413,0.05524274571137642,0.8265295338027084,0.06374524800393376,0.6166666746139526,0.9416666626930237
577,2363369,1236.7097097712472,6,0.8423676017288849,0.057231148627581996,0.5874999761581421,0.9458333253860474,37.83177570093458,13.735475578597585,13.0,99.0,1.3808236792683601,0.6310435384511948,-0.039542398997582495,0.00436053161683958,0.05536288697477495,0.8423676017288849,0.057231148627581996,0.5874999761581421,0.9458333253860474
578,2367465,1239.8362554985677,10,0.8159013620140602,0.1337781537193249,0.0,0.9416666626930237,43.93877551020408,30.671670212146346,14.0,216.0,1.3924339413642883,0.6340940967202187,-0.015169329184573144,0.005105154094053432,0.054145902284294,0.8159013620140602,0.1337781537193249,0.0,0.9416666626930237
579,2371561,1267.7399481034377,13,0.844734849171205,0.06133684474648588,0.6000000238418579,0.9416666626930237,37.263636363636365,14.72084315317896,14.0,96.0,1.3372325748205185,0.6757419109344482,-0.027462629368528724,0.002794495056150481,0.038477438774688545,0.844734849171205,0.06133684474648588,0.6000000238418579,0.9416666626930237
580,2375657,1273.6078266243294,16,0.8580182079507523,0.04986606543891185,0.6791666746139526,0.9416666626930237,34.075630252100844,11.967855872403135,14.0,77.0,1.3121981993317604,0.692700956016779,-0.01981905393768102,0.0026406380784465,0.037894911963782876,0.8580182079507523,0.04986606543891185,0.6791666746139526,0.9416666626930237
581,2379753,1297.5181252880354,19,0.8568526176381702,0.055543426977568706,0.5833333134651184,0.9416666626930237,34.35537190082645,13.330422239865277,14.0,100.0,1.3324292972683907,0.7023656070232391,-0.0117226529691834,0.0027385753055568784,0.0424810037956454,0.8568526176381702,0.055543426977568706,0.5833333134651184,0.9416666626930237
582,2383849,1286.5194340050193,23,0.8557112067937851,0.054799931237193726,0.6333333253860474,0.9458333253860474,34.62931034482759,13.151983049907928,13.0,88.0,1.3579905778169632,0.704085037112236,-0.0020207104626024375,0.0023583969596074894,0.0334336233813885,0.8557112067937851,0.054799931237193726,0.6333333253860474,0.9458333253860474
583,2387945,1279.8609503181463,26,0.849378653001367,0.060201984455220625,0.4791666567325592,0.9416666626930237,36.14912280701754,14.44847618757124,14.0,125.0,1.4260382875800133,0.7030946277081966,0.004831424346775748,0.0022986896874499507,0.03184932452533473,0.849378653001367,0.060201984455220625,0.4791666567325592,0.9416666626930237
584,2392041,1270.9798673924377,29,0.8355639727428706,0.06271235987957956,0.6583333611488342,0.9375,39.464646464646464,15.050966029141327,15.0,82.0,1.4322546645998955,0.6861188039183617,0.011147815646836534,0.0023732170811854303,0.03707030898787242,0.8355639727428706,0.06271235987957956,0.6583333611488342,0.9375
585,2396137,1288.4460595224614,32,0.8343272170889269,0.06554848381931885,0.550000011920929,0.9541666507720947,39.76146788990825,15.731636495804397,11.0,108.0,1.4312746301293373,0.6768917292356491,0.002602313181341742,0.002195663924794644,0.031343591233274216,0.8343272170889269,0.06554848381931885,0.550000011920929,0.9541666507720947
586,2400233,1264.394403385659,35,0.8346088431319412,0.0674470930276542,0.5833333134651184,0.9416666626930237,39.69387755102041,16.187301752479396,14.0,100.0,1.4423217922449112,0.6729853712022305,0.009133890940574929,0.0027614259743131697,0.043035174536013465,0.8346088431319412,0.0674470930276542,0.5833333134651184,0.9416666626930237
587,2404329,1260.716663733778,39,0.8214473674171849,0.07506568211504697,0.5541666746139526,0.9375,42.85263157894737,18.015764103492447,15.0,107.0,1.4565132036805153,0.6604414656758308,0.009522506326902658,0.0029941554385004565,0.03999394104008659,0.8214473674171849,0.07506568211504697,0.5541666746139526,0.9375
588,2408425,1305.755574528087,42,0.8275577579394425,0.06439234003885404,0.6041666865348816,0.9416666626930237,41.386138613861384,15.454161089838788,14.0,95.0,1.4656787738204002,0.6563349403440952,0.002211946979514323,0.002644568245159462,0.03611184217539545,0.8275577579394425,0.06439234003885404,0.6041666865348816,0.9416666626930237
589,2412521,1334.4415846855272,45,0.8274305568387111,0.07268481572401302,0.5791666507720947,0.9333333373069763,41.416666666666664,17.444355979959695,16.0,101.0,1.4750906676054,0.6418967172503471,-0.0011454577288532164,0.0029999855905771255,0.03800291639677511,0.8274305568387111,0.07268481572401302,0.5791666507720947,0.9333333373069763
590,2416617,1339.2378621485,48,0.8129629618591733,0.07100046761893375,0.4333333373069763,0.9125000238418579,44.888888888888886,17.040112443841604,21.0,136.0,1.495719201862812,0.6377480253577232,-0.0005097082957945531,0.003056906964047812,0.03642327208075841,0.8129629618591733,0.07100046761893375,0.4333333373069763,0.9125000238418579
591,2420713,1296.3136034359363,51,0.8294612801436222,0.0794954912926569,0.3166666626930237,0.9541666507720947,40.92929292929293,19.07891772402861,11.0,164.0,1.457276113331318,0.6503124907612801,-0.003250277673942037,0.0033065987518057227,0.0378634638917315,0.8294612801436222,0.0794954912926569,0.3166666626930237,0.9541666507720947
592,2424809,1301.8873254165655,54,0.8146052617775766,0.10724976727299088,0.0,0.925000011920929,44.242105263157896,23.86969705867945,18.0,216.0,1.438819408416748,0.6495951116085052,-0.003135311297228327,0.004051128518767655,0.04533401122623699,0.8146052617775766,0.10724976727299088,0.0,0.925000011920929
593,2428905,1333.5319299885748,57,0.8225765301256763,0.06754817840340376,0.6458333134651184,0.9416666626930237,42.58163265306123,16.211562684743956,14.0,85.0,1.4287625774741173,0.6343162022531033,-0.005908426535825129,0.003172361961333081,0.04065791340956017,0.8225765301256763,0.06754817840340376,0.6458333134651184,0.9416666626930237
594,2433001,1312.2904794663168,61,0.8258928577510678,0.08026725915530021,0.5166666507720947,0.9375,41.785714285714285,19.264141373472704,15.0,116.0,1.4125203043222427,0.6473168842494488,-0.007171559151174733,0.003933357715141028,0.04095924452280328,0.8258928577510678,0.08026725915530021,0.5166666507720947,0.9375
595,2437097,1281.9219412535024,64,0.836587302173887,0.07043886513509896,0.4625000059604645,0.9291666746139526,39.21904761904762,16.905327958329732,17.0,129.0,1.4117688611149788,0.6637149415910244,-0.011962497665081173,0.0033939259446924552,0.04210477985556549,0.836587302173887,0.07043886513509896,0.4625000059604645,0.9291666746139526
596,2441193,1312.9570114119608,67,0.8329365105856033,0.06565332261622783,0.48750001192092896,0.9458333253860474,40.095238095238095,15.756796755398279,13.0,123.0,1.4414268136024475,0.6706595085561275,-0.005743269743106794,0.0024212219432229176,0.03348895107769606,0.8329365105856033,0.06565332261622783,0.48750001192092896,0.9458333253860474
597,2445289,1351.4846804740994,70,0.8322811427742544,0.05373710706866609,0.6416666507720947,0.9291666746139526,40.25252525252525,12.896905457929682,17.0,86.0,1.4663408696651459,0.6738362088799477,0.000967683139606379,0.002293247620400507,0.03315887791333202,0.8322811427742544,0.05373710706866609,0.6416666507720947,0.9291666746139526
598,2449385,1330.6384614604124,73,0.8298679861691919,0.06134681408683364,0.6499999761581421,0.9291666746139526,40.83168316831683,14.723235026385739,17.0,84.0,1.4547806307673454,0.6705650612711906,0.0048221351753454655,0.0022651456529274583,0.03324037884154419,0.8298679861691919,0.06134681408683364,0.6499999761581421,0.9291666746139526
599,2453481,1330.5487001570957,76,0.8300347228844961,0.06240999496361799,0.6666666865348816,0.9291666746139526,40.791666666666664,14.978398798121098,17.0,80.0,1.4791181087493896,0.6596164107322693,0.004993866677978076,0.0025368472997797653,0.031209735759808968,0.8300347228844961,0.06240999496361799,0.6666666865348816,0.9291666746139526
600,2457577,1335.247761383346,79,0.8075284063816071,0.0922883908000313,0.375,0.9375,46.19318181818182,22.149213999262457,15.0,150.0,1.5060724839568138,0.6441532522439957,0.01550892140949145,0.003589092390029691,0.04304274520591388,0.8075284063816071,0.0922883908000313,0.375,0.9375
601,2461672,1219.1470549497462,3,0.7867753713027291,0.09440613840276697,0.5041666626930237,0.9125000238418579,51.17391304347826,22.657472467182526,21.0,119.0,1.6305516138672829,0.5823681466281414,0.04158988781273365,0.0031456799479201436,0.04586612997725391,0.7867753713027291,0.09440613840276697,0.5041666626930237,0.9125000238418579
602,2465768,1230.8946877032326,6,0.6593954282648423,0.26572013937798394,0.0,0.9208333492279053,79.3921568627451,58.07908010917817,19.0,216.0,1.684253379702568,0.5205068774521351,0.05839310516603291,0.0069916179636493325,0.07247316869131729,0.6593954282648423,0.26572013937798394,0.0,0.9208333492279053
603,2469864,1233.2057300716062,10,0.6074561355145354,0.26801017886888934,0.0,0.9083333611488342,91.6842105263158,58.77929516561257,22.0,216.0,1.7201026156544685,0.47105041332542896,0.053699907613918185,0.005824010222568177,0.058285715162658965,0.6074561355145354,0.26801017886888934,0.0,0.9083333611488342
604,2473960,1267.1222625931007,13,0.5398026293045596,0.31182924510923,0.0,0.9041666388511658,106.02631578947368,67.39377092959559,23.0,216.0,1.7539447471499443,0.4149843342602253,0.04777853167615831,0.006866750540211797,0.057428798503555596,0.5398026293045596,0.31182924510923,0.0,0.9041666388511658
605,2478056,1303.1288212571512,16,0.490234371740371,0.29750409972653824,0.0,0.925000011920929,117.84375,64.24129774481132,18.0,216.0,1.7765514478087425,0.36317037232220173,0.05033445218577981,0.004909230468911119,0.04949046401471049,0.490234371740371,0.29750409972653824,0.0,0.925000011920929
606,2482152,1239.6238747603802,19,0.34843750088475645,0.31977427894094984,0.0,0.875,147.375,67.22850492908495,30.0,216.0,1.8013509884476662,0.3120673783123493,0.049478243570774794,0.005467598239192739,0.0464586296385648,0.34843750088475645,0.31977427894094984,0.0,0.875
607,2486248,1209.0091703128985,23,0.3513020807877183,0.3208019381980098,0.0,0.9041666388511658,146.6875,67.41820854746884,23.0,216.0,1.7879183664917946,0.2853591926395893,0.033169682370498776,0.004708514054073021,0.04452351314859048,0.3513020807877183,0.3208019381980098,0.0,0.9041666388511658
608,2490344,1254.3813643363083,26,0.37942707957699895,0.3189115465804233,0.0,0.8125,140.6875,66.97454623773125,45.0,216.0,1.7881786525249481,0.2616420779377222,0.026607003062963486,0.005059046350652352,0.04441400436394158,0.37942707957699895,0.3189115465804233,0.0,0.8125
609,2494440,1322.9930538485376,29,0.4460937511175871,0.3473563019769239,0.0,0.9208333492279053,125.4375,73.94336409543456,19.0,216.0,1.7921949550509453,0.24779303092509508,0.013712700048927218,0.006457668932853267,0.05361552570013864,0.4460937511175871,0.3473563019769239,0.0,0.9208333492279053
610,2498536,1286.0082571640862,32,0.37955729104578495,0.3525997182949113,0.0,0.9208333492279053,138.40625,73.41655951444129,19.0,216.0,1.802436739206314,0.2313515469431877,0.014362082460138481,0.005716743165976368,0.04498183384929152,0.37955729104578495,0.3525997182949113,0.0,0.9208333492279053
611,2502632,1292.736083511086,36,0.337109373183921,0.34033237635169783,0.0,0.9041666388511658,148.59375,71.51436017288765,23.0,216.0,1.793332502245903,0.22193101234734058,0.011626616193098016,0.006598967738682404,0.05071070159749798,0.337109373183921,0.34033237635169783,0.0,0.9041666388511658
612,2506728,1252.4895375865276,39,0.3770833306480199,0.3383669388371216,0.0,0.9041666388511658,140.5,71.41953514270448,23.0,216.0,1.8208218067884445,0.18946147244423628,0.01196754808188416,0.004498143811360933,0.04146330388807823,0.3770833306480199,0.3383669388371216,0.0,0.9041666388511658
613,2510824,1238.995925634004,42,0.3642156842876883,0.3362208220233571,0.0,0.8791666626930237,142.7058823529412,70.16557284350172,29.0,216.0,1.80006742477417,0.19952569156885147,-0.0015583903696096968,0.006538533401908353,0.047478817710869065,0.3642156842876883,0.3362208220233571,0.0,0.8791666626930237
614,2514920,1258.5762540016692,45,0.49852941053755145,0.31667131377407254,0.0,0.875,114.70588235294117,67.29414335663844,30.0,216.0,1.7762886732816696,0.21510854363441467,-0.012380139582091942,0.007569427107227966,0.04969952677958765,0.49852941053755145,0.31667131377407254,0.0,0.875
615,2519016,1258.8655574105685,49,0.45142543982518346,0.33092644949765304,0.0,0.9375,125.34210526315789,71.07086023480535,15.0,216.0,1.751505821943283,0.23823264613747597,-0.01313245069468394,0.009063725301530212,0.05741683186247356,0.45142543982518346,0.33092644949765304,0.0,0.9375
616,2523112,1222.1670626883285,52,0.5769841231050945,0.2828386749773358,0.0,0.887499988079071,98.66666666666667,62.26543284185959,27.0,216.0,1.7092687636613846,0.29862125031650066,-0.015566336049232632,0.010171788511797786,0.06174522093250466,0.5769841231050945,0.2828386749773358,0.0,0.887499988079071
617,2527208,1235.0414837633941,55,0.5953372990091642,0.29995480446505973,0.0,0.8666666746139526,93.11904761904762,64.18247883627713,32.0,216.0,1.6907969489693642,0.3040635846555233,-0.011140219459775835,0.009357178467325866,0.060463637255547556,0.5953372990091642,0.29995480446505973,0.0,0.8666666746139526
618,2531304,1291.5605187541955,59,0.632598037813224,0.27663249143879887,0.0,0.9208333492279053,85.3529411764706,60.08582865430891,19.0,216.0,1.643936239182949,0.3275986034423113,-0.02650117763550952,0.010966751200612634,0.06909290987275343,0.632598037813224,0.27663249143879887,0.0,0.9208333492279053
619,2535400,1267.0309605576454,62,0.6588333332538605,0.2822696214108568,0.0,0.9541666507720947,79.0,61.15063368436994,11.0,216.0,1.6097625270485878,0.35585732758045197,-0.02300733927404508,0.010717052296968177,0.07509757634646552,0.6588333332538605,0.2822696214108568,0.0,0.9541666507720947
620,2539496,1278.6544273151246,65,0.6458333311257539,0.3084469671396452,0.0,0.9083333611488342,81.0,65.72698865030283,22.0,216.0,1.6042549535632133,0.36339207366108894,-0.017877608959679492,0.011272161966189742,0.07382747441464362,0.6458333311257539,0.3084469671396452,0.0,0.9083333611488342
621,2543592,1302.9335327438487,68,0.6774865602774005,0.272280521490989,0.0,0.9291666746139526,75.08064516129032,59.71040282928411,17.0,216.0,1.5625346973538399,0.3911924809217453,-0.024981002788990736,0.012433078256435692,0.07404480313818797,0.6774865602774005,0.272280521490989,0.0,0.9291666746139526
622,2547688,1276.348224324589,71,0.7342447908595204,0.1828391606132537,0.13333334028720856,0.9375,63.78125,43.881398660907564,15.0,208.0,1.531148262321949,0.42527293413877487,-0.029394440352916718,0.011862097249832004,0.072666727172959,0.7342447908595204,0.1828391606132537,0.13333334028720856,0.9375
623,2551784,1279.4333678614169,75,0.7489267682487314,0.19948285249004236,0.0,0.9416666626930237,59.53030303030303,45.25022005537308,14.0,216.0,1.479889176785946,0.4545724168419838,-0.029674882418476045,0.010905131930485368,0.0721526720453623,0.7489267682487314,0.19948285249004236,0.0,0.9416666626930237
624,2555880,1235.9771059037564,78,0.7765899116271421,0.16477402256589152,0.0,0.9333333373069763,53.30263157894737,38.1265274885866,16.0,216.0,1.4335024133324623,0.48835536651313305,-0.029099517036229372,0.009893683367408812,0.07299219228351653,0.7765899116271421,0.16477402256589152,0.0,0.9333333373069763
625,2559976,1217.9965381126992,81,0.7464120352847708,0.1991098350640055,0.0,0.9125000238418579,60.19444444444444,45.38986637054357,21.0,216.0,1.4790692329406738,0.49623843654990196,-0.020419324282556772,0.009527633665129542,0.07186921874886805,0.7464120352847708,0.1991098350640055,0.0,0.9125000238418579
626,2564071,1271.3316296767766,3,0.8427083335424724,0.0633319105195344,0.574999988079071,0.9208333492279053,37.75,15.199658064020976,19.0,102.0,1.3765645325183868,0.5805333368480206,-0.04169610468670726,0.006235759268747643,0.060620504981152346,0.8427083335424724,0.0633319105195344,0.574999988079071,0.9208333492279053
627,2568167,1248.8128143999245,6,0.8029629607995351,0.11729533813490249,0.3291666805744171,0.9583333134651184,47.28888888888889,28.15088095895814,10.0,161.0,1.357115499675274,0.6079267933964729,-0.015540173393674195,0.006458533141994849,0.05609880834943266,0.8029629607995351,0.11729533813490249,0.3291666805744171,0.9583333134651184
628,2572263,1237.7290038712827,10,0.8081862756434609,0.11039783919268754,0.20000000298023224,0.9375,46.03529411764706,26.495481105862975,15.0,192.0,1.4049643203616142,0.6103172823786736,-0.0043947169797320385,0.005214898905251175,0.05254540283298,0.8081862756434609,0.11039783919268754,0.20000000298023224,0.9375
629,2576359,1232.0317192495306,13,0.7971296288900905,0.15606395660775127,0.0,0.9291666746139526,48.15555555555556,34.804505171700306,17.0,216.0,1.408644400537014,0.6120156086981297,0.002314547626156127,0.006970412388909608,0.06023535853414115,0.7971296288900905,0.15606395660775127,0.0,0.9291666746139526
630,2580455,1186.6437862320229,16,0.8002572019159058,0.11064978582352647,0.3083333373069763,0.9291666746139526,47.93827160493827,26.555948708857404,17.0,166.0,1.460141934454441,0.599248930811882,0.0037443659584823763,0.00537422054912895,0.04765007608379983,0.8002572019159058,0.11064978582352647,0.3083333373069763,0.9291666746139526
631,2584551,1189.3929697755498,20,0.7837072649063208,0.1565039745766883,0.0,0.9291666746139526,51.294871794871796,34.550264006694384,17.0,216.0,1.4857611581683159,0.5907052755355835,0.010860128670174163,0.005693161801900715,0.05601117641169398,0.7837072649063208,0.1565039745766883,0.0,0.9291666746139526
632,2588647,1222.2047976954648,23,0.7841569753580315,0.15518704464227412,0.0,0.9208333492279053,51.24418604651163,34.499051569879434,19.0,216.0,1.494904138147831,0.6055410131812096,-0.00309749724874564,0.0057949052134063095,0.05212913067564523,0.7841569753580315,0.15518704464227412,0.0,0.9208333492279053
633,2592743,1240.1324933573364,26,0.7831050247362216,0.10914668696888548,0.3291666805744171,0.9166666865348816,52.054794520547944,26.195205255588963,20.0,161.0,1.5275978595018387,0.5838194265961647,0.013515638216631487,0.004769594423123635,0.04495352405210233,0.7831050247362216,0.10914668696888548,0.3291666805744171,0.9166666865348816
634,2596839,1236.9844152457258,30,0.7649884273608526,0.12503213265032898,0.2916666567325592,0.925000011920929,56.40277777777778,30.007711843153395,18.0,170.0,1.511562742292881,0.5783615373075008,0.010420402773888782,0.004954652758897282,0.04681573620624922,0.7649884273608526,0.12503213265032898,0.2916666567325592,0.925000011920929
635,2600935,1236.4579961656555,33,0.7462328754059256,0.1713693887330216,0.0,0.949999988079071,60.24657534246575,38.358718114595646,12.0,216.0,1.516089253127575,0.5509591922163963,0.014799072640016675,0.006149554770672694,0.055151736867289095,0.7462328754059256,0.1713693887330216,0.0,0.949999988079071
636,2605031,1240.4485767693693,36,0.7807098737469426,0.14762268415802635,0.0,0.9416666626930237,52.03703703703704,32.358121252228734,14.0,216.0,1.4733265712857246,0.5630155429244041,-0.0076366074608813506,0.006016755447490141,0.05784966151867953,0.7807098737469426,0.14762268415802635,0.0,0.9416666626930237
637,2609127,1229.8554467870497,40,0.7951388886341682,0.10450461561854642,0.30000001192092896,0.9458333253860474,49.166666666666664,25.08110774690715,13.0,168.0,1.466307669878006,0.5781273990869522,-0.007301464687770931,0.005418951070168987,0.04823657037745383,0.7951388886341682,0.10450461561854642,0.30000001192092896,0.9458333253860474
638,2613223,1214.4228431990036,43,0.776829266330091,0.13238051560294453,0.0,0.9291666746139526,53.26829268292683,30.1201046140799,17.0,216.0,1.4961284548044205,0.5850626826286316,-0.0033849785795609932,0.00600499173742719,0.05003048766276897,0.776829266330091,0.13238051560294453,0.0,0.9291666746139526
639,2617319,1214.9018810049,47,0.7841216245213071,0.11956007424118481,0.0,0.9166666865348816,51.486486486486484,26.62666984650319,20.0,216.0,1.4973411411046982,0.5827934294939041,0.009163646231172606,0.004422311292728409,0.04722011526046825,0.7841216245213071,0.11956007424118481,0.0,0.9166666865348816
640,2621415,1171.9779696479952,50,0.7644977153164066,0.16449513979604435,0.0,0.9083333611488342,55.863013698630134,36.50532521427267,22.0,216.0,1.5296294391155243,0.5732122957706451,0.009385060075146612,0.0064684293465688825,0.0547782014457485,0.7644977153164066,0.16449513979604435,0.0,0.9083333611488342
641,2625511,1233.3720853465522,53,0.7680372784012243,0.14623283058381129,0.0,0.9208333492279053,55.35526315789474,33.507934624883774,19.0,216.0,1.5117529407143593,0.5588051415979862,0.006170702840336162,0.006126491352915764,0.05830503703954778,0.7680372784012243,0.14623283058381129,0.0,0.9208333492279053
642,2629607,1236.5963903634865,57,0.7723684201115056,0.10356149354252597,0.4958333373069763,0.9291666746139526,54.63157894736842,24.854758151510612,17.0,121.0,1.480091780424118,0.5745189860463142,-0.0024675099848536775,0.0046569186670240015,0.044590091327958076,0.7723684201115056,0.10356149354252597,0.4958333373069763,0.9291666746139526
643,2633703,1236.9113860000004,60,0.7751126140356064,0.13086821049343467,0.2708333432674408,0.9333333373069763,53.972972972972975,31.408370795478977,16.0,175.0,1.5183896273374557,0.5485221184790134,0.000615950866631465,0.005810250149806961,0.048185090873809754,0.7751126140356064,0.13086821049343467,0.2708333432674408,0.9333333373069763
644,2637799,1233.0368532257976,63,0.7625548223915853,0.17530191763770936,0.0,0.9416666626930237,56.35526315789474,39.41670229315981,14.0,216.0,1.4794424995779991,0.5514971576631069,-0.0034107990650227293,0.006777232338208705,0.05194342500717799,0.7625548223915853,0.17530191763770936,0.0,0.9416666626930237
645,2641895,1238.7134488604652,67,0.7846707826779212,0.0976880968156264,0.3375000059604645,0.9333333373069763,51.67901234567901,23.44514330737928,16.0,159.0,1.4740247875452042,0.5710637681186199,-0.013203464142861776,0.004950792237650603,0.052938857493418603,0.7846707826779212,0.0976880968156264,0.3375000059604645,0.9333333373069763
646,2645991,1244.2327370265118,70,0.7936214013600055,0.11456268592579247,0.32499998807907104,0.9291666746139526,49.53086419753087,27.49504396183136,17.0,162.0,1.4550341442227364,0.5764491073787212,-0.0035520740784704685,0.005592343281023204,0.05568136987477262,0.7936214013600055,0.11456268592579247,0.32499998807907104,0.9291666746139526
647,2650087,1229.8151250229698,73,0.7875534189053071,0.1331052635102478,0.0,0.9208333492279053,50.67948717948718,30.190630907763584,19.0,216.0,1.4562517553567886,0.5801262706518173,-0.0041740302185644396,0.005969608697341755,0.053698730407159306,0.7875534189053071,0.1331052635102478,0.0,0.9208333492279053
648,2654183,1190.9771483159122,77,0.7889558238437376,0.15927041807899459,0.0,0.9291666746139526,50.0722891566265,35.43559680978699,17.0,216.0,1.4246133342385292,0.5830102935433388,-0.0065584526673774235,0.006535949883982539,0.053154255468817205,0.7889558238437376,0.15927041807899459,0.0,0.9291666746139526
649,2658279,1195.9400647079506,80,0.791114459195769,0.1484507955359216,0.0,0.9333333373069763,49.8433734939759,34.15290985070146,16.0,216.0,1.4447163566946983,0.5848832428455353,-0.0032444298558402807,0.00735109590459615,0.057438482149759745,0.791114459195769,0.1484507955359216,0.0,0.9333333373069763
650,2662375,1194.4856604311444,84,0.7940406969120336,0.15798812406080068,0.0,0.9208333492279053,48.872093023255815,35.186148342126586,19.0,216.0,1.429151676595211,0.5916106961667538,-0.0049223711976082996,0.007071068364894018,0.05986973664177004,0.7940406969120336,0.15798812406080068,0.0,0.9208333492279053
651,2666470,1230.9702716266213,3,0.8730769197528179,0.06854798470258515,0.5541666746139526,0.9541666507720947,30.46153846153846,16.451515640326434,11.0,107.0,1.3842737823724747,0.6476332284510136,-0.03829880524426699,0.005863790342118591,0.05857706507603638,0.8730769197528179,0.06854798470258515,0.5541666746139526,0.9541666507720947
652,2670566,1238.0259305712943,6,0.8590339269258279,0.11826224663206815,0.0,0.9541666507720947,33.61946902654867,26.889916057116565,11.0,216.0,1.4181935116648674,0.6549857072532177,-0.006192863213072997,0.007581517216749489,0.07304839653129286,0.8590339269258279,0.11826224663206815,0.0,0.9541666507720947
653,2674662,1295.720242969759,10,0.838433910289715,0.1487939285928871,0.0,0.9583333134651184,38.36206896551724,33.44356970091667,10.0,216.0,1.4063195660710335,0.6548301614820957,0.0034177154666394927,0.008128671033773571,0.06468682074438675,0.838433910289715,0.1487939285928871,0.0,0.9583333134651184
654,2678758,1327.5352917281018,13,0.8490740728599054,0.11370430718981979,0.0,0.9458333253860474,36.0,25.678929249628137,13.0,216.0,1.4272105172276497,0.662873599678278,-0.0035451179210213013,0.0060355291643645614,0.05657253650645731,0.8490740728599054,0.11370430718981979,0.0,0.9458333253860474
655,2682854,1257.531553924835,16,0.8527658057623896,0.08693878594688471,0.49166667461395264,0.9583333134651184,35.33620689655172,20.865308597136675,10.0,122.0,1.4283030480146408,0.663756687194109,-0.0026029026048490778,0.005805972032248974,0.06006611954422786,0.8527658057623896,0.08693878594688471,0.49166667461395264,0.9583333134651184
656,2686950,1229.144393370411,19,0.8342857150804429,0.13954202289320666,0.0,0.9541666507720947,39.542857142857144,32.17897230340648,11.0,216.0,1.483747012913227,0.6590844802558422,0.013417633017525077,0.006676783581497148,0.0546983094660373,0.8342857150804429,0.13954202289320666,0.0,0.9541666507720947
657,2691046,1234.4357295268928,23,0.8254583337903023,0.14758577388993765,0.0,0.949999988079071,41.41,32.798199645712266,12.0,216.0,1.4795139357447624,0.6517013646662235,0.014032459177542478,0.006412686314433813,0.06024277166172023,0.8254583337903023,0.14758577388993765,0.0,0.949999988079071
658,2695142,1339.638142423957,26,0.8230902796300749,0.130849693741377,0.20000000298023224,0.949999988079071,42.458333333333336,31.40392646186496,12.0,192.0,1.5154627189040184,0.6319292113184929,0.012262607328011654,0.006296756211668253,0.05569734875763753,0.8230902796300749,0.130849693741377,0.20000000298023224,0.949999988079071
659,2699238,1309.7009928340972,29,0.8211724811861681,0.1600102630997298,0.0,0.9541666507720947,42.63953488372093,37.03201405405795,11.0,216.0,1.531750075519085,0.6022107824683189,0.021000234235543758,0.007523098785895854,0.06714742266682294,0.8211724811861681,0.1600102630997298,0.0,0.9541666507720947
660,2703334,1298.7820298303322,32,0.8126984109481176,0.19445468873133426,0.0,0.9541666507720947,44.266666666666666,43.891916311096715,11.0,216.0,1.5106001123785973,0.6084373444318771,0.00790695583782508,0.010066612594528124,0.06197964357412225,0.8126984109481176,0.19445468873133426,0.0,0.9541666507720947
661,2707430,1305.4492804016984,35,0.841052632582815,0.1003028448632843,0.5416666865348816,0.9458333253860474,38.14736842105263,24.072683108082504,13.0,110.0,1.5096682533621788,0.6072219535708427,-0.000550227050553076,0.006784189812606201,0.05939593828126137,0.841052632582815,0.1003028448632843,0.5416666865348816,0.9458333253860474
662,2711526,1276.9652581042942,38,0.8050627224547888,0.18497437610432613,0.0,0.949999988079071,46.01075268817204,41.10503059594623,12.0,216.0,1.498017206788063,0.5905014052987099,-0.002499804220860824,0.008790654304903,0.06944903799138023,0.8050627224547888,0.18497437610432613,0.0,0.949999988079071
663,2715622,1291.8726667064207,41,0.8194711549350848,0.1229267723120856,0.2666666805744171,0.949999988079071,43.32692307692308,29.502425685047918,12.0,176.0,1.4427647218108177,0.6206497624516487,-0.013089876709273085,0.007518935715779662,0.06476779212420614,0.8194711549350848,0.1229267723120856,0.2666666805744171,0.949999988079071
664,2719718,1233.1881144453223,45,0.8582524281103634,0.11631213616689895,0.0,0.9541666507720947,33.786407766990294,26.244796242575564,11.0,216.0,1.4430941343307495,0.6136898510158062,-0.0027651305645122193,0.007029684347799048,0.07854982533436022,0.8582524281103634,0.11631213616689895,0.0,0.9541666507720947
665,2723814,1257.796802331115,48,0.821980122716055,0.1897103588323734,0.0,0.9624999761581421,42.06422018348624,42.75302987907907,9.0,216.0,1.4511769190430641,0.6151815839111805,-0.009797339014767203,0.009214230783982202,0.06552940127505796,0.821980122716055,0.1897103588323734,0.0,0.9624999761581421
666,2727910,1247.8058230849176,51,0.8593954259858412,0.09335872541055124,0.3916666805744171,0.9458333253860474,33.745098039215684,22.40609435412773,13.0,146.0,1.4730055928230286,0.6218756921589375,-0.007686480308620958,0.00782954876194708,0.06366271851631713,0.8593954259858412,0.09335872541055124,0.3916666805744171,0.9458333253860474
667,2732006,1231.8716434468806,55,0.8262788777304167,0.1816877298147615,0.0,0.9541666507720947,41.21782178217822,41.52217681592086,11.0,216.0,1.489753469824791,0.6048734076321125,0.014537814684445038,0.00883925991365686,0.06721854391498164,0.8262788777304167,0.1816877298147615,0.0,0.9541666507720947
668,2736102,1275.9350201005857,58,0.8134433996143207,0.20842473106572204,0.0,0.9583333134651184,43.867924528301884,46.57780576660991,10.0,216.0,1.4580254703760147,0.6004598736763,0.008409113386733225,0.010582765971776098,0.07578103251487739,0.8134433996143207,0.20842473106572204,0.0,0.9583333134651184
669,2740198,1303.5788203402033,61,0.8514423088098948,0.13052911671655013,0.20416666567325592,0.9583333134651184,35.65384615384615,31.32698800578812,10.0,191.0,1.469577707350254,0.6136608049273491,-0.00040806658944347873,0.008514313871273771,0.06206631691687937,0.8514423088098948,0.13052911671655013,0.20416666567325592,0.9583333134651184
670,2744294,1288.114317042287,64,0.8167543829271667,0.18426197984941475,0.0,0.9541666507720947,43.72631578947368,43.158079588821074,11.0,216.0,1.5249091163277626,0.5934492871165276,0.008909803567803465,0.00990955633460544,0.0726787693444442,0.8167543829271667,0.18426197984941475,0.0,0.9541666507720947
671,2748390,1313.8301625276877,67,0.8107388311440182,0.17059569313722317,0.0,0.949999988079071,44.92783505154639,38.670228145144605,12.0,216.0,1.4890906661748886,0.6008445061743259,-0.002126830117049394,0.008196397742722183,0.07038548044112075,0.8107388311440182,0.17059569313722317,0.0,0.949999988079071
672,2752486,1298.4234528199356,70,0.8441006613544898,0.11660074244263305,0.13750000298023224,0.9458333253860474,37.415841584158414,27.984177752611487,13.0,207.0,1.4581751078367233,0.5963979922235012,-0.007063061905228096,0.008008087694179267,0.06738477378940733,0.8441006613544898,0.11660074244263305,0.13750000298023224,0.9458333253860474
673,2756582,1238.7293470411773,74,0.8419003091125845,0.12568069098798568,0.30416667461395264,0.9624999761581421,37.94392523364486,30.163365716072086,9.0,167.0,1.4342390298843384,0.6076385676860809,-0.01752045244211331,0.00861091457773,0.06975926150140455,0.8419003091125845,0.12568069098798568,0.30416667461395264,0.9624999761581421
674,2760678,1215.6243293141476,77,0.8255451703183004,0.17934370006842384,0.0,0.9583333134651184,41.19626168224299,40.02135860891637,10.0,216.0,1.446629136800766,0.6107857301831245,-0.010953824974421877,0.008602322137448937,0.06803686281833071,0.8255451703183004,0.17934370006842384,0.0,0.9583333134651184
675,2764774,1212.0502404999725,81,0.8568560600280761,0.12301785442662493,0.12916666269302368,0.9583333134651184,34.35454545454545,29.524284723423058,10.0,209.0,1.4264807775616646,0.6204530708491802,-0.007424515220918693,0.00914845266379416,0.06867952509181861,0.8568560600280761,0.12301785442662493,0.12916666269302368,0.9583333134651184
676,2768869,1225.3466076898146,3,0.7948383075087818,0.0974463799166316,0.5041666626930237,0.9166666865348816,49.23880597014925,23.387131014336823,20.0,119.0,1.4983320757746696,0.5639492720365524,-0.003295856458862545,0.0065837178262881935,0.06585248133783374,0.7948383075087818,0.0974463799166316,0.5041666626930237,0.9166666865348816
677,2772965,1229.3275115144786,6,0.7919642861400332,0.09792571156778482,0.4541666805744171,0.9333333373069763,49.92857142857143,23.502170980918475,16.0,131.0,1.4978579133749008,0.562848623842001,-0.0030042961589060724,0.0057779569760896266,0.05756010228691563,0.7919642861400332,0.09792571156778482,0.4541666805744171,0.9333333373069763
678,2777061,1240.6144730839853,10,0.7688291121887255,0.1354182671928608,0.0,0.9458333253860474,55.177215189873415,30.84414044579244,13.0,216.0,1.4690866991877556,0.5667616985738277,-0.004919431561575038,0.006346132489852607,0.05373134901441845,0.7688291121887255,0.1354182671928608,0.0,0.9458333253860474
679,2781157,1240.1362531762493,13,0.7872395822778344,0.12724944938359528,0.23333333432674408,0.949999988079071,51.0625,30.5398689216244,12.0,184.0,1.4794845655560493,0.5619801245629787,0.00338607900266652,0.006558808294357732,0.05144087898165539,0.7872395822778344,0.12724944938359528,0.23333333432674408,0.949999988079071
680,2785253,1163.7315087040397,17,0.7719047646437373,0.1610584488318014,0.0,0.9624999761581421,54.4,37.08384322816917,9.0,216.0,1.5167052075266838,0.5531349070370197,0.005953781881544273,0.007333841524086893,0.06815219099440495,0.7719047646437373,0.1610584488318014,0.0,0.9624999761581421
681,2789349,1191.1664960447495,20,0.7402976189340864,0.1832490619547589,0.0,0.925000011920929,61.642857142857146,41.310336207189366,18.0,216.0,1.5233026146888733,0.5470604933798313,0.009052898196387105,0.007331891101785004,0.062241824105499395,0.7402976189340864,0.1832490619547589,0.0,0.925000011920929
682,2793445,1185.7133282232703,23,0.7854166675139876,0.13848706367263286,0.0,0.9333333373069763,51.14705882352941,31.304606269723667,16.0,216.0,1.52242411673069,0.5397258102893829,0.002513066941901343,0.006434862356400117,0.058557963018117075,0.7854166675139876,0.13848706367263286,0.0,0.9333333373069763
683,2797541,1183.9238445869667,27,0.7172945156081082,0.2126903645311189,0.0,0.9291666746139526,66.53424657534246,46.71953103999156,17.0,216.0,1.5304984971880913,0.5306635797023773,0.007656319692614488,0.008872520789736882,0.0708220411625014,0.7172945156081082,0.2126903645311189,0.0,0.9291666746139526
684,2801637,1262.617761977542,30,0.7716346150025343,0.1331028619819238,0.0,0.9125000238418579,54.5,30.228934178010007,21.0,216.0,1.53436928242445,0.5522145666182041,-0.00897914052620763,0.0065229335450567305,0.059448304722735754,0.7716346150025343,0.1331028619819238,0.0,0.9125000238418579
685,2805733,1261.6894755863063,33,0.7671223944053054,0.11940407687170151,0.2708333432674408,0.9041666388511658,55.890625,28.656978419040886,23.0,175.0,1.5418198704719543,0.5378405004739761,0.006277732234593714,0.0055389363842550665,0.05431277777600379,0.7671223944053054,0.11940407687170151,0.2708333432674408,0.9041666388511658
686,2809829,1310.0121824435375,37,0.7379901952603284,0.16958614801916178,0.0,0.9291666746139526,62.529411764705884,39.241136349587535,17.0,216.0,1.5653217658400536,0.5275891311466694,0.0011170691050210735,0.006533260311698541,0.05737728275897099,0.7379901952603284,0.16958614801916178,0.0,0.9291666746139526
687,2813925,1317.906487609015,40,0.7558333358594349,0.13968928249197674,0.0,0.9208333492279053,58.25714285714286,31.74392437449846,19.0,216.0,1.530457578599453,0.5309014469385147,-0.0036382209218572825,0.0062723309674765915,0.052857918447045904,0.7558333358594349,0.13968928249197674,0.0,0.9208333492279053
688,2818021,1301.548133139236,43,0.7538690439292363,0.14795786270443753,0.0,0.9208333492279053,58.72857142857143,33.837815459956055,19.0,216.0,1.49949412047863,0.5511519573628902,0.00616616732077091,0.0060491323529277,0.06211132797259925,0.7538690439292363,0.14795786270443753,0.0,0.9208333492279053
689,2822117,1288.2826786675337,46,0.751655249971233,0.19318037002712965,0.0,0.9125000238418579,58.61643835616438,42.61925416605571,21.0,216.0,1.4856138601899147,0.5492392294108868,0.004116650532523636,0.008137362106936052,0.056907333050353,0.751655249971233,0.19318037002712965,0.0,0.9125000238418579
690,2826213,1284.2538207215857,49,0.7722587738382188,0.13555164226672237,0.0,0.9458333253860474,54.3421052631579,30.80223532198637,13.0,216.0,1.4911949634552002,0.5489618480205536,-0.003680245221403311,0.006562307622516528,0.056729395255401466,0.7722587738382188,0.13555164226672237,0.0,0.9458333253860474
691,2830309,1310.7454004922276,52,0.7837719285958692,0.13210885577064033,0.0,0.949999988079071,51.578947368421055,29.899068440819505,12.0,216.0,1.4887822419404984,0.55846943333745,-0.009437959095521364,0.0064389627950731665,0.05744843331515338,0.7837719285958692,0.13210885577064033,0.0,0.949999988079071
692,2834405,1245.5937462887478,56,0.754803243610594,0.14939864690178775,0.0,0.9125000238418579,58.513888888888886,34.24543483588383,21.0,216.0,1.5067797303199768,0.5492725744843483,-2.1258827473502606e-05,0.006601710483664647,0.06142302807407486,0.754803243610594,0.14939864690178775,0.0,0.9125000238418579
693,2838501,1290.5734001181356,59,0.7727699508549462,0.1642277976202667,0.0,0.9083333611488342,54.19718309859155,37.89630764217191,22.0,216.0,1.489583134651184,0.548711184412241,0.001636408418562496,0.0071607773716095835,0.059034610661086694,0.7727699508549462,0.1642277976202667,0.0,0.9083333611488342
694,2842597,1312.6106231654924,62,0.7730811379457775,0.16719002234070862,0.0,0.925000011920929,53.828947368421055,37.28883992701426,18.0,216.0,1.5058689713478088,0.5489835701882839,-0.008792460947006475,0.007129115634597838,0.057206141324783,0.7730811379457775,0.16719002234070862,0.0,0.925000011920929
695,2846693,1303.605329646586,65,0.753869047335216,0.15116662878559775,0.0,0.9375,58.72857142857143,34.645107437959474,15.0,216.0,1.5383233800530434,0.5380991585552692,0.008695164724485949,0.007010288711171597,0.05488013867710734,0.753869047335216,0.15116662878559775,0.0,0.9375
696,2850789,1250.183139689309,68,0.7554617147590663,0.15475133364087745,0.13333334028720856,0.9208333492279053,58.689189189189186,37.14032036264474,19.0,208.0,1.5030956119298935,0.5576972961425781,-0.0023577620813739486,0.006854592211311683,0.05507444000700289,0.7554617147590663,0.15475133364087745,0.13333334028720856,0.9208333492279053
697,2854885,1284.4580502002625,72,0.7797916647046804,0.13364725647441664,0.0,0.9291666746139526,52.55,30.391569554730136,17.0,216.0,1.4612898528575897,0.562912218272686,-0.008534308966773096,0.006374339893227443,0.04672038512077499,0.7797916647046804,0.13364725647441664,0.0,0.9291666746139526
698,2858981,1234.0773135929264,75,0.779112552667593,0.13282250144605318,0.0,0.9083333611488342,52.701298701298704,30.11625308055563,22.0,216.0,1.4947380870580673,0.5581603981554508,-0.00941342660371447,0.006491198786534369,0.0541610987091538,0.779112552667593,0.13282250144605318,0.0,0.9083333611488342
699,2863077,1224.65655777928,78,0.7814692980364749,0.10534724553243663,0.3791666626930237,0.9208333492279053,52.44736842105263,25.283338978799804,19.0,149.0,1.4825399219989777,0.5574737191200256,-0.0025899882548401365,0.005406955082435161,0.04790185550359092,0.7814692980364749,0.10534724553243663,0.3791666626930237,0.9208333492279053
700,2867173,1209.4819874517048,82,0.7875000006031423,0.14416850152132155,0.0,0.9083333611488342,50.714285714285715,33.105377001244946,22.0,216.0,1.4535651355981827,0.584879819303751,-0.013099445917760022,0.005870920576853678,0.04704469969529823,0.7875000006031423,0.14416850152132155,0.0,0.9083333611488342
701,2871268,1232.8087482152662,3,0.8435861421435067,0.05069375441360355,0.675000011920929,0.925000011920929,37.53932584269663,12.166500498375555,18.0,78.0,1.4032349362969398,0.6278229355812073,-0.03270476404577494,0.004019648491521366,0.046199008173535346,0.8435861421435067,0.05069375441360355,0.675000011920929,0.925000011920929
702,2875364,1236.7396231500416,6,0.843768439725437,0.06786606303004233,0.4000000059604645,0.9333333373069763,37.49557522123894,16.287855236615517,16.0,144.0,1.3506843075156212,0.6609000004827976,-0.033310546656139195,0.0036577027494786307,0.04534433509178268,0.843768439725437,0.06786606303004233,0.4000000059604645,0.9333333373069763
703,2879460,1241.6796124195505,10,0.8439072325544538,0.05338752557018593,0.6833333373069763,0.9416666626930237,37.4622641509434,12.813005280088774,14.0,76.0,1.3271759897470474,0.6696568801999092,-0.019724471552763134,0.002789197300444357,0.0374100823571718,0.8439072325544538,0.05338752557018593,0.6833333373069763,0.9416666626930237
704,2883556,1234.9712582332343,13,0.8558401636412887,0.05747232514203719,0.5958333611488342,0.9458333253860474,34.59836065573771,13.793357771914199,13.0,97.0,1.3166273832321167,0.6945862360298634,-0.022601324133574963,0.0027217649039812386,0.03545711525371299,0.8558401636412887,0.05747232514203719,0.5958333611488342,0.9458333253860474
705,2887652,1240.6805035612424,16,0.8617607523356715,0.05428298295210797,0.5791666507720947,0.9375,33.17741935483871,13.02791567706276,15.0,101.0,1.33819380402565,0.706843726336956,-0.013844767498085275,0.0024174360441975296,0.03584094125499379,0.8617607523356715,0.05428298295210797,0.5791666507720947,0.9375
706,2891748,1212.9223945444905,20,0.8551470602259916,0.047589253204687154,0.6541666388511658,0.9458333253860474,34.76470588235294,11.421420155080234,13.0,83.0,1.3761515095829964,0.7079938873648643,-0.004264165836502798,0.0019124831233057193,0.03137931008903938,0.8551470602259916,0.047589253204687154,0.6541666388511658,0.9458333253860474
707,2895844,1171.4398328442182,23,0.8474188810956161,0.05780768043650408,0.675000011920929,0.9416666626930237,36.61946902654867,13.873842826063548,14.0,78.0,1.4136903956532478,0.7013431787490845,0.007516306883189827,0.0021836710075149313,0.030976591061786143,0.8474188810956161,0.05780768043650408,0.675000011920929,0.9416666626930237
708,2899940,1223.425485272067,27,0.8360973596572876,0.055591126504834505,0.6916666626930237,0.925000011920929,39.336633663366335,13.341869796167128,18.0,74.0,1.445424348115921,0.6872069239616394,0.013140776951331645,0.0022539179190061986,0.034891170867212246,0.8360973596572876,0.055591126504834505,0.6916666626930237,0.925000011920929
709,2904036,1279.2906498257717,30,0.8360981278330366,0.06802773067246544,0.5583333373069763,0.925000011920929,39.33644859813084,16.32665610396316,18.0,106.0,1.42861720174551,0.6864762268960476,0.006462006465881132,0.0026855458709178492,0.03208468217356379,0.8360981278330366,0.06802773067246544,0.5583333373069763,0.925000011920929
710,2908132,1302.1170389299577,33,0.8313350318645945,0.061232121899944855,0.5166666507720947,0.9291666746139526,40.47959183673469,14.695709211234341,17.0,116.0,1.4623034298419952,0.6645624376833439,0.00788902953354409,0.002622166954097338,0.0383361552196398,0.8313350318645945,0.061232121899944855,0.5166666507720947,0.9291666746139526
711,2912228,1275.0858488143392,36,0.8304421755732322,0.06480010234551263,0.5458333492279053,0.9333333373069763,40.69387755102041,15.552024714476893,16.0,109.0,1.4783794358372688,0.6671738810837269,0.00965963807539083,0.0024659703631186858,0.03328250762081458,0.8304421755732322,0.06480010234551263,0.5458333492279053,0.9333333373069763
712,2916324,1264.0836720865464,39,0.8261054425823445,0.08167471767417742,0.4416666626930237,0.9541666507720947,41.734693877551024,19.6019319229093,11.0,134.0,1.4349000230431557,0.6653024777770042,0.003181837291776901,0.00334731767361518,0.03621013334210131,0.8261054425823445,0.08167471767417742,0.4416666626930237,0.9541666507720947
713,2920420,1278.5140713526425,43,0.830008012170975,0.07025209231478789,0.550000011920929,0.9333333373069763,40.79807692307692,16.860502209700446,16.0,108.0,1.4534773603081703,0.6592017374932766,-0.0007055997994029894,0.003238284931285307,0.03515546671989635,0.830008012170975,0.07025209231478789,0.550000011920929,0.9333333373069763
714,2924516,1245.4029517434578,46,0.8257302423727881,0.07173598634358931,0.4791666567325592,0.9375,41.824742268041234,17.21663682884845,15.0,125.0,1.4543942585587502,0.6576964929699898,0.002996899602294434,0.003459423591266386,0.04018098647629055,0.8257302423727881,0.07173598634358931,0.4791666567325592,0.9375
715,2928612,1265.4703964591308,49,0.8327970265752018,0.07384437679182132,0.3375000059604645,0.9333333373069763,40.12871287128713,17.722650588663484,16.0,159.0,1.432549573481083,0.6646608300507069,-0.002582382585387677,0.0032792516140034422,0.033741041914779495,0.8327970265752018,0.07384437679182132,0.3375000059604645,0.9333333373069763
716,2932708,1252.011062381744,52,0.8337698436918712,0.06432371712983541,0.5958333611488342,0.9375,39.89523809523809,15.437692776987241,15.0,97.0,1.4103300422430038,0.6699191704392433,-0.003476505196886137,0.002897077356465161,0.03582845579351064,0.8337698436918712,0.06432371712983541,0.5958333611488342,0.9375
717,2936804,1257.181865913581,56,0.8128277140386989,0.08283847889312392,0.4208333194255829,0.9208333492279053,44.92134831460674,19.88123428848755,19.0,139.0,1.4991654977202415,0.6402979418635368,0.014161353377858177,0.0030424867873080075,0.03490435040798569,0.8128277140386989,0.08283847889312392,0.4208333194255829,0.9208333492279053
718,2940900,1286.4984319276896,59,0.8278673835979995,0.06683999343263321,0.5874999761581421,0.9291666746139526,41.31182795698925,16.041598138967377,17.0,99.0,1.4819467142224312,0.6487687230110168,0.001181915016786661,0.0031469493551412597,0.03623714341557571,0.8278673835979995,0.06683999343263321,0.5874999761581421,0.9291666746139526
719,2944996,1271.636522359989,62,0.8024147769266908,0.10720515767894252,0.15833333134651184,0.9166666865348816,47.42045454545455,25.729237698009264,20.0,202.0,1.5025121197104454,0.6393664628267288,0.012508056010119617,0.0038711715023964643,0.03750327886510685,0.8024147769266908,0.10720515767894252,0.15833333134651184,0.9166666865348816
720,2949092,1315.6838275877412,65,0.8078804317375888,0.08192758047272265,0.4416666626930237,0.9208333492279053,46.108695652173914,19.662619867093177,19.0,134.0,1.4928197041153908,0.6433911174535751,0.0027536436818991206,0.003403179725864902,0.03766657695549988,0.8078804317375888,0.08192758047272265,0.4416666626930237,0.9208333492279053
721,2953188,1339.9815945340815,68,0.8082407414913177,0.08123273462877853,0.5166666507720947,0.9416666626930237,46.022222222222226,19.495855843274192,14.0,116.0,1.5087390467524529,0.6235791556537151,0.009983357973396778,0.003361745461006649,0.03775498438783645,0.8082407414913177,0.08123273462877853,0.5166666507720947,0.9416666626930237
722,2957284,1321.1943398619135,71,0.8123084272461376,0.06868911452948845,0.5874999761581421,0.925000011920929,45.04597701149425,16.485387500964084,18.0,99.0,1.488539770245552,0.6289282850921154,-0.004047437156259548,0.003219402991817333,0.03608362067327833,0.8123084272461376,0.06868911452948845,0.5874999761581421,0.925000011920929
723,2961380,1245.6602175586063,75,0.8243489575882753,0.0655900687865818,0.6083333492279053,0.9208333492279053,42.15625,15.741616899294897,19.0,94.0,1.4635012298822403,0.6401157230138779,-0.01065017597284168,0.0030932175723137334,0.034600507090000183,0.8243489575882753,0.0655900687865818,0.6083333492279053,0.9208333492279053
724,2965476,1275.4949046263325,78,0.8235833317041397,0.07821848783268541,0.5583333373069763,0.9333333373069763,42.34,18.772437241871394,16.0,106.0,1.4678497910499573,0.633743017911911,-0.007072307387716137,0.0038076215714681894,0.035374129903051534,0.8235833317041397,0.07821848783268541,0.5583333373069763,0.9333333373069763
725,2969572,1297.3385240358712,81,0.8337698408535549,0.07772587197151175,0.5208333134651184,0.9375,39.89523809523809,18.65420867080099,15.0,115.0,1.3963456451892853,0.6554319560527802,-0.01653591392096132,0.003958939443691634,0.042806385086154974,0.8337698408535549,0.07772587197151175,0.5208333134651184,0.9375
726,2973667,1143.2569178051244,3,0.8253012055374054,0.08064899194774772,0.5666666626930237,0.9291666746139526,41.9277108433735,19.35575823075585,17.0,104.0,1.4167024940252304,0.6438260860741138,0.0036909898626618087,0.003515867065289058,0.03651906309708654,0.8253012055374054,0.08064899194774772,0.5666666626930237,0.9291666746139526
727,2977763,1226.1050737228052,7,0.8087448558689635,0.09011644033071425,0.5416666865348816,0.9541666507720947,45.901234567901234,21.627945421773195,11.0,110.0,1.4630604982376099,0.6244931519031525,0.013032454036874697,0.0038857904728502035,0.0417966910317165,0.8087448558689635,0.09011644033071425,0.5416666865348816,0.9541666507720947
728,2981859,1197.3849126261298,10,0.795071138477907,0.09763490698974688,0.4124999940395355,0.9416666626930237,49.18292682926829,23.432377042730742,14.0,141.0,1.4978440776467323,0.6119335666298866,0.012629924720386043,0.003951617138227448,0.03918970074707657,0.795071138477907,0.09763490698974688,0.4124999940395355,0.9416666626930237
729,2985955,1176.7982380497388,14,0.775944447517395,0.15040004205608765,0.0,0.9208333492279053,53.45333333333333,34.5154239274109,19.0,216.0,1.5073006972670555,0.5874173864722252,0.01860908232629299,0.0058953397965524346,0.04653330527903061,0.775944447517395,0.15040004205608765,0.0,0.9208333492279053
730,2990051,1172.3257758460566,17,0.7754504503430547,0.1250648618144225,0.19166666269302368,0.9125000238418579,53.891891891891895,30.015566937556038,21.0,194.0,1.5319542214274406,0.5719670057296753,0.008828541322145611,0.005018774623749778,0.0460584625500014,0.7754504503430547,0.1250648618144225,0.19166666269302368,0.9125000238418579
731,2994147,1187.2882057637269,21,0.7499999986453489,0.14559684722397365,0.0,0.9333333373069763,59.63636363636363,33.146889046236694,16.0,216.0,1.5888110473752022,0.5504629947245121,0.017970159417018294,0.005068553902674466,0.045642842709125435,0.7499999986453489,0.14559684722397365,0.0,0.9333333373069763
732,2998243,1212.9343834215035,24,0.7234374976251274,0.17683423149175764,0.10833333432674408,0.9166666865348816,66.375,42.4402153034124,20.0,214.0,1.6003970876336098,0.5344362035393715,0.01867855421733111,0.006195860507432371,0.04493069121754311,0.7234374976251274,0.17683423149175764,0.10833333432674408,0.9166666865348816
733,3002339,1243.6045220642313,27,0.7369971249637932,0.10510803832263699,0.4208333194255829,0.9125000238418579,63.12068965517241,25.225929179569412,21.0,139.0,1.555335059762001,0.5166077502071857,0.011735353444237262,0.004190495266811922,0.03967815030626788,0.7369971249637932,0.10510803832263699,0.4208333194255829,0.9125000238418579
734,3006435,1221.7178994911058,31,0.6816532263352025,0.22021680469985982,0.0,0.8916666507720947,74.85483870967742,48.181728157049236,26.0,216.0,1.6201094388961792,0.4947503115981817,0.015877192636253312,0.007489503943361342,0.053944881700531924,0.6816532263352025,0.22021680469985982,0.0,0.8916666507720947
735,3010531,1209.2606408707868,34,0.7424059111264444,0.1339692586683055,0.2708333432674408,0.9208333492279053,61.82258064516129,32.15262202399192,19.0,175.0,1.6072753742337227,0.5002559963613749,-0.0006285669660428539,0.005799951177323237,0.04954155348419648,0.7424059111264444,0.1339692586683055,0.2708333432674408,0.9208333492279053
736,3014627,1257.10339688315,37,0.7014880930738789,0.19100628417156448,0.0,0.9458333253860474,70.78571428571429,42.8096760948613,13.0,216.0,1.6139959692955017,0.4886959604918957,0.007944052580569405,0.006317733641481027,0.04773841484009052,0.7014880930738789,0.19100628417156448,0.0,0.9458333253860474
737,3018723,1227.88638290792,41,0.7281716443709473,0.1829457829297422,0.0,0.9125000238418579,64.88059701492537,42.55690567392202,21.0,216.0,1.5826674178242683,0.488819245249033,-0.0037714768550358713,0.008262360526714474,0.052598787935741825,0.7281716443709473,0.1829457829297422,0.0,0.9125000238418579
738,3022819,1138.4497419648892,44,0.7211693549348462,0.15641218725950226,0.0,0.9166666865348816,66.53225806451613,35.83731959209988,20.0,216.0,1.5601438730955124,0.4949078783392906,0.0005490845142048784,0.0066150177153758705,0.058361558408921335,0.7211693549348462,0.15641218725950226,0.0,0.9166666865348816
739,3026915,1180.1106553812974,48,0.7441542286481431,0.17611740574568574,0.0,0.9333333373069763,60.6865671641791,39.336743278997155,16.0,216.0,1.5594313144683838,0.5209605060517788,-0.007473239855244174,0.0068767081829719245,0.05615756024672054,0.7441542286481431,0.17611740574568574,0.0,0.9333333373069763
740,3031011,1174.1945332558278,51,0.7415972215433916,0.15273261754924017,0.18333333730697632,0.9291666746139526,62.016666666666666,36.655827943482905,17.0,196.0,1.5933401212096214,0.5103204734623432,0.000633763316727709,0.006366808956954628,0.04969879919475004,0.7415972215433916,0.15273261754924017,0.18333333730697632,0.9291666746139526
741,3035107,1177.2309456217263,55,0.7221014482387598,0.19404544700186058,0.0,0.925000011920929,65.65217391304348,42.79165098269552,18.0,216.0,1.5563865974545479,0.5092513263225555,0.0016978839921648614,0.0076664144871756434,0.05398771354747528,0.7221014482387598,0.19404544700186058,0.0,0.925000011920929
742,3039203,1170.6676150191392,58,0.7305316079793305,0.1613267920290698,0.0,0.9166666865348816,64.25862068965517,36.929364236676065,20.0,216.0,1.5870383754372597,0.49571591056883335,0.006688077650323976,0.0067340156238060445,0.048455561679167446,0.7305316079793305,0.1613267920290698,0.0,0.9166666865348816
743,3043299,1186.6620643905146,62,0.7223039236577118,0.17511341582832424,0.0,0.9041666388511658,66.29411764705883,40.64808034810696,23.0,216.0,1.578519381582737,0.5035920143127441,-0.0008150622670655139,0.007535229728091508,0.06210994417460311,0.7223039236577118,0.17511341582832424,0.0,0.9041666388511658
744,3047395,1216.864739283682,65,0.7321120670129513,0.15268589995021897,0.22083333134651184,0.8999999761581421,64.29310344827586,36.64461602298565,24.0,187.0,1.5710828974843025,0.495938915759325,0.0044353174926072825,0.0065623192640487105,0.05131427928270185,0.7321120670129513,0.15268589995021897,0.22083333134651184,0.8999999761581421
745,3051491,1260.8393514040338,68,0.7107323256857467,0.2023029507481113,0.0,0.8958333134651184,68.33333333333333,44.835163869355036,25.0,216.0,1.5598978698253632,0.505091667175293,0.005526467859453987,0.008593818114604801,0.05474586078749447,0.7107323256857467,0.2023029507481113,0.0,0.8958333134651184
746,3055587,1260.9773341635198,71,0.7435256398641146,0.1812071190152338,0.0,0.9041666388511658,61.184615384615384,42.05121138205444,23.0,216.0,1.5644408464431763,0.5018188990652561,-0.004693020309787244,0.00780897619551979,0.04892372930550848,0.7435256398641146,0.1812071190152338,0.0,0.9041666388511658
747,3059683,1145.5822155208634,75,0.7460199034036096,0.13684059448172137,0.2666666805744171,0.9333333373069763,60.95522388059702,32.84174302090816,16.0,176.0,1.5241425409913063,0.5091009344905615,-0.010074009536765516,0.006704544124659151,0.0502039028989152,0.7460199034036096,0.13684059448172137,0.2666666805744171,0.9333333373069763
748,3063779,1186.0543512509448,79,0.7585497854591964,0.12526828544861576,0.0,0.925000011920929,57.63636363636363,28.244714062832095,18.0,216.0,1.4884254112839699,0.5312657356262207,-0.01809538039378822,0.0056747365451883525,0.04671068142588763,0.7585497854591964,0.12526828544861576,0.0,0.925000011920929
749,3067875,1170.6607547166982,82,0.7968875500093023,0.07532238674066755,0.550000011920929,0.9208333492279053,48.74698795180723,18.077372778980255,19.0,108.0,1.436626248061657,0.5655107945203781,-0.02676836750470102,0.004544154595350847,0.04740519454364882,0.7968875500093023,0.07532238674066755,0.550000011920929,0.9208333492279053
750,3071971,1170.6126550869162,86,0.8061574071645736,0.1033453298255776,0.3125,0.9416666626930237,46.522222222222226,24.802879661566976,14.0,165.0,1.4013468697667122,0.5905932672321796,-0.031299628666602075,0.005714226193958893,0.04389130913366758,0.8061574071645736,0.1033453298255776,0.3125,0.9416666626930237
751,3076066,1148.708477700276,3,0.8532590753961318,0.04569851181652407,0.6916666626930237,0.9291666746139526,35.21782178217822,10.967642742840189,17.0,74.0,1.3497469797730446,0.6582829989492893,-0.045173195423558354,0.0032262018066830933,0.04076572572047374,0.8532590753961318,0.04569851181652407,0.6916666626930237,0.9291666746139526
752,3080162,1159.4643574028178,7,0.8512168123131305,0.06506813520900345,0.3583333194255829,0.9541666507720947,35.70796460176991,15.61635256833586,11.0,154.0,1.341487117111683,0.6777274459600449,-0.023220194038003683,0.0033182673214469105,0.03816711598922543,0.8512168123131305,0.06506813520900345,0.3583333194255829,0.9541666507720947
753,3084258,1164.64861741327,10,0.8499999969406465,0.050910469643444575,0.6875,0.9458333253860474,36.0,12.218511996075058,13.0,75.0,1.3529683724045753,0.6892652213573456,-0.009681623225333169,0.002330301438632887,0.03339879059908338,0.8499999969406465,0.050910469643444575,0.6875,0.9458333253860474
754,3088354,1244.7014066102408,14,0.8518436556368802,0.05405717839996243,0.6333333253860474,0.9375,35.557522123893804,12.973722968579208,15.0,88.0,1.3927446231245995,0.6954086497426033,-0.0051537809340516105,0.002328693648451008,0.0403752138757019,0.8518436556368802,0.05405717839996243,0.6333333253860474,0.9375
755,3092450,1267.767265084922,17,0.8487987990851875,0.0931852564357179,0.0,0.9458333253860474,36.072072072072075,20.425964624508,13.0,216.0,1.4141176715493202,0.6933636292815208,-0.0015460991126019508,0.0032546268485020846,0.0433125685180442,0.8487987990851875,0.0931852564357179,0.0,0.9458333253860474
756,3096546,1175.4144382769305,20,0.8437500010837208,0.0537711397685905,0.6708333492279053,0.9416666626930237,37.5,12.905072998278975,14.0,79.0,1.4136687964200974,0.6921705007553101,0.001914596763526788,0.00216800478665391,0.028284374422027414,0.8437500010837208,0.0537711397685905,0.6708333492279053,0.9416666626930237
757,3100642,1208.7680100417163,24,0.8377272746779701,0.06918956659507582,0.48750001192092896,0.9416666626930237,38.945454545454545,16.605495455988144,14.0,123.0,1.4350493103265762,0.687007624655962,0.009249655478924979,0.00269690970890224,0.032259314722760044,0.8377272746779701,0.06918956659507582,0.48750001192092896,0.9416666626930237
758,3104738,1172.3768165154895,27,0.8322194726160257,0.064878802171218,0.512499988079071,0.9291666746139526,40.26732673267327,15.570911626916574,17.0,117.0,1.4635936468839645,0.6792184077203274,0.009321578807430342,0.00257005232560914,0.03160444876872722,0.8322194726160257,0.064878802171218,0.512499988079071,0.9291666746139526
759,3108834,1199.5017899104794,31,0.836509902878563,0.07585039564970128,0.44583332538604736,0.925000011920929,39.23762376237624,18.2040951299978,18.0,133.0,1.4587472304701805,0.6660364642739296,0.004251440674124751,0.0032992500928230584,0.03820908535408517,0.836509902878563,0.07585039564970128,0.44583332538604736,0.925000011920929
760,3112930,1185.4360539665938,34,0.8205326439179096,0.07644711165369225,0.5041666626930237,0.925000011920929,43.07216494845361,18.347306565259004,18.0,119.0,1.4456775709986687,0.6632720269262791,0.003741745305887889,0.0033760263613658026,0.03486497299096584,0.8205326439179096,0.07644711165369225,0.5041666626930237,0.925000011920929
761,3117026,1197.3475263538685,38,0.8371359225615714,0.058604623263358246,0.675000011920929,0.9375,39.0873786407767,14.06510989752468,15.0,78.0,1.4216788932681084,0.6676551625132561,-0.003000080912897829,0.002757193025900051,0.031203421159537892,0.8371359225615714,0.058604623263358246,0.675000011920929,0.9375
762,3121122,1176.8295958319914,41,0.8352500003576279,0.0705199439284768,0.3708333373069763,0.9291666746139526,39.54,16.924786556999766,17.0,151.0,1.4229734390974045,0.6606651432812214,-0.0021941442591923987,0.0032980205432977527,0.03361373126769698,0.8352500003576279,0.0705199439284768,0.3708333373069763,0.9291666746139526
763,3125218,1267.756974303005,44,0.8323394508536802,0.1009919888660526,0.0,0.9375,40.018348623853214,22.46668548998682,15.0,216.0,1.441441796720028,0.6701050139963627,-0.0018116726423613727,0.003654702682979405,0.037020722065148774,0.8323394508536802,0.1009919888660526,0.0,0.9375
764,3129314,1281.8901848995172,48,0.8279513884335756,0.07448685292223278,0.4375,0.9458333253860474,41.291666666666664,17.87684528159883,13.0,135.0,1.4730133786797523,0.6692696660757065,0.005963272944427445,0.002990937777212821,0.03801992842082525,0.8279513884335756,0.07448685292223278,0.4375,0.9458333253860474
765,3133410,1159.4573147735964,51,0.81722222632832,0.07710322532889445,0.5166666507720947,0.9416666626930237,43.86666666666667,18.504774158758778,14.0,116.0,1.4827537462115288,0.6559310592710972,0.01471289902110584,0.003097567387158051,0.03470269654605769,0.81722222632832,0.07710322532889445,0.5166666507720947,0.9416666626930237
766,3137506,1204.3348522228525,54,0.8193728552036679,0.07600284489484516,0.4749999940395355,0.9291666746139526,43.350515463917525,18.240682545735424,17.0,126.0,1.4622168987989426,0.6583927012979984,0.012966319016413763,0.0027943353925365955,0.03509298154055959,0.8193728552036679,0.07600284489484516,0.4749999940395355,0.9291666746139526
767,3141602,1175.925405514256,58,0.8074438243769528,0.11577116161067717,0.0,0.9416666626930237,45.943820224719104,25.95950154061791,14.0,216.0,1.4619313403964043,0.6366581507027149,0.009559463447658345,0.0036761792871402577,0.041502304930429355,0.8074438243769528,0.11577116161067717,0.0,0.9416666626930237
768,3145698,1172.925264019431,61,0.8272606391221919,0.07842755358636795,0.4166666567325592,0.9291666746139526,41.45744680851064,18.822612529013696,17.0,140.0,1.4652451425790787,0.6370928101241589,-0.004545017080090474,0.003604862853535451,0.04104807522094935,0.8272606391221919,0.07842755358636795,0.4166666567325592,0.9291666746139526
769,3149794,1179.2656059968103,65,0.8002240151487371,0.11972496624016855,0.20416666567325592,0.925000011920929,47.946236559139784,28.733991556739024,18.0,191.0,1.5076596066355705,0.6336535774171352,0.005137572516105138,0.004585599483107217,0.038171648577394815,0.8002240151487371,0.11972496624016855,0.20416666567325592,0.925000011920929
770,3153890,1170.520455239175,68,0.8196161034401883,0.07059803952159163,0.44999998807907104,0.9375,43.29213483146067,16.94352963718275,15.0,132.0,1.497747540473938,0.6396337859332561,-0.006245122800464742,0.0029191397625254467,0.032453576932870404,0.8196161034401883,0.07059803952159163,0.44999998807907104,0.9375
771,3157986,1209.7886011413507,72,0.8060483842767695,0.07710244651529839,0.5166666507720947,0.9375,46.54838709677419,18.504585964014932,15.0,116.0,1.469786360859871,0.6336608231067657,0.005618631781544536,0.0031850238592596725,0.030869194528379388,0.8060483842767695,0.07710244651529839,0.5166666507720947,0.9375
772,3162082,1243.529088885791,75,0.821603259962538,0.06331273740051055,0.6583333611488342,0.9166666865348816,42.81521739130435,15.195057368466955,20.0,82.0,1.4457208290696144,0.6394573748111725,-0.009035073569975793,0.0028432587278075516,0.030078644321019855,0.821603259962538,0.06331273740051055,0.6583333611488342,0.9166666865348816
773,3166178,1251.2568514845862,78,0.8273462803618422,0.07102859464677126,0.5708333253860474,0.9375,41.43689320388349,17.046862822683554,15.0,103.0,1.4368053674697876,0.6495553627610207,-0.009515412282780744,0.003592163629946299,0.03624216602440558,0.8273462803618422,0.07102859464677126,0.5708333253860474,0.9375
774,3170274,1158.7860756021264,82,0.8414644020275005,0.07203174057647058,0.5249999761581421,0.9458333253860474,38.04854368932039,17.287617568078318,13.0,114.0,1.4362629801034927,0.659920509904623,-0.005889299929549452,0.003684875395265408,0.03797301198247045,0.8414644020275005,0.07203174057647058,0.5249999761581421,0.9458333253860474
775,3174370,1181.2717349294055,85,0.8303571422894795,0.07486918456057223,0.574999988079071,0.9291666746139526,40.714285714285715,17.96860451730517,17.0,102.0,1.4055153578519821,0.6668496876955032,-0.007940196934214327,0.003268239292083308,0.03737857181550467,0.8303571422894795,0.07486918456057223,0.574999988079071,0.9291666746139526
776,3178465,1135.5278082500622,3,0.8497252739392794,0.049646961274350365,0.7083333134651184,0.9291666746139526,36.065934065934066,11.91527065059671,17.0,70.0,1.3908986002206802,0.6743218898773193,-0.0077944010408828035,0.00229025990847731,0.026121569602788716,0.8497252739392794,0.049646961274350365,0.7083333134651184,0.9291666746139526
777,3182561,1159.4125569520202,7,0.8425675684267336,0.05581043161567849,0.6541666388511658,0.949999988079071,37.78378378378378,13.3945029772405,12.0,83.0,1.421113170683384,0.6821560896933079,-0.005624334233289119,0.0025262623967137188,0.030252595358058125,0.8425675684267336,0.05581043161567849,0.6541666388511658,0.949999988079071
778,3186657,1227.4845737309442,10,0.8303685904695437,0.05417490014874583,0.6416666507720947,0.9333333373069763,40.71153846153846,13.001976977577057,16.0,86.0,1.42581395059824,0.6718412451446056,-0.0005390936803451041,0.0021031327996752225,0.02737176679078443,0.8303685904695437,0.05417490014874583,0.6416666507720947,0.9333333373069763
779,3190753,1145.1581826107938,14,0.8387820502886405,0.0714623215190556,0.5833333134651184,0.9333333373069763,38.69230769230769,17.150956983322736,16.0,100.0,1.3901159018278122,0.6752287857234478,-0.0014008490015839925,0.0030801322136539966,0.03918576478413659,0.8387820502886405,0.0714623215190556,0.5833333134651184,0.9333333373069763
780,3194849,1174.7507881249705,17,0.8472094803775122,0.05824604337085978,0.6541666388511658,0.9458333253860474,36.669724770642205,13.979050541889073,13.0,83.0,1.4112873300909996,0.6774699315428734,-0.0045712361970799975,0.0026420352660352364,0.03340794546374258,0.8472094803775122,0.05824604337085978,0.6541666388511658,0.9458333253860474
781,3198945,1158.0471498645081,21,0.8374999990830054,0.06849944506344385,0.5833333134651184,0.9416666626930237,39.0,16.43986711531546,14.0,100.0,1.4501768574118614,0.6654576845467091,-0.00011169152276124805,0.0031351814250228927,0.03449794753937904,0.8374999990830054,0.06849944506344385,0.5833333134651184,0.9416666626930237
782,3203041,1172.6689858568081,24,0.8190104188397527,0.09784241520891071,0.28333333134651184,0.949999988079071,43.4375,23.48217963513325,12.0,172.0,1.502980224788189,0.6612949557602406,0.007390739556285553,0.003792827163124457,0.042021879337942436,0.8190104188397527,0.09784241520891071,0.28333333134651184,0.949999988079071
783,3207137,1209.7002634251523,28,0.8256140376392164,0.06924025982646226,0.5708333253860474,0.9291666746139526,41.85263157894737,16.617662398818553,17.0,103.0,1.4704626351594925,0.6565753556787968,0.008791126965661533,0.0030079513526288792,0.0350062696997603,0.8256140376392164,0.06924025982646226,0.5708333253860474,0.9291666746139526
784,3211233,1200.0514380330071,31,0.828583334684372,0.06708726587892382,0.5708333253860474,0.9333333373069763,41.14,16.100944071699647,16.0,103.0,1.4788122177124023,0.656003825366497,-0.0034897616224043304,0.0028756923566106707,0.034659455635175876,0.828583334684372,0.06708726587892382,0.5708333253860474,0.9333333373069763
785,3215329,1174.7471733371115,35,0.814999998278088,0.06980406923837525,0.5041666626930237,0.9416666626930237,44.4,16.752976518285404,14.0,119.0,1.471228115260601,0.6468497738242149,0.005290633169352077,0.002942793318652548,0.03407330362093391,0.814999998278088,0.06980406923837525,0.5041666626930237,0.9416666626930237
786,3219425,1236.942288786896,38,0.8376116082072258,0.07181018204398276,0.5083333253860474,0.9416666626930237,38.973214285714285,17.23444423936542,14.0,118.0,1.4420529529452324,0.6633905507624149,-0.016007006051950157,0.0030046790634514764,0.03079031446384034,0.8376116082072258,0.07181018204398276,0.5083333253860474,0.9416666626930237
787,3223521,1232.3135431213677,41,0.8370323089920745,0.057114585096918205,0.6833333373069763,0.9166666865348816,39.11224489795919,13.707500295392602,20.0,76.0,1.4482424706220627,0.6613567098975182,-0.004997751533664996,0.002864566369680688,0.03146114378818014,0.8370323089920745,0.057114585096918205,0.6833333373069763,0.9166666865348816
788,3227617,1157.8168384512417,45,0.8258730144727797,0.07052968448619422,0.5625,0.9375,41.79047619047619,16.927124042337233,15.0,105.0,1.4370407164096832,0.6718070767819881,0.005511047194886487,0.0029149699985282496,0.033680300781584606,0.8258730144727797,0.07052968448619422,0.5625,0.9375
789,3231713,1193.1133351709364,48,0.8475856697447947,0.0655970395954803,0.550000011920929,0.9458333253860474,36.57943925233645,15.743289555893401,13.0,108.0,1.4572601988911629,0.6726435795426369,-0.0024041159776970744,0.0031014773558126763,0.0360803480071123,0.8475856697447947,0.0655970395954803,0.550000011920929,0.9458333253860474
790,3235809,1176.4741174750536,52,0.8180555565790697,0.09492967927584456,0.1875,0.9333333373069763,43.666666666666664,22.783123294902023,16.0,195.0,1.4830319806933403,0.6593119949102402,0.004493203564379655,0.0037800637364853173,0.037548398997967976,0.8180555565790697,0.09492967927584456,0.1875,0.9333333373069763
791,3239905,1181.713429009745,55,0.8343421038828398,0.05626897186345086,0.6666666865348816,0.9416666626930237,39.757894736842104,13.50455345388805,14.0,80.0,1.4672671258449554,0.669370710849762,0.0029482583740900736,0.0024728235439397395,0.031554043948634286,0.8343421038828398,0.05626897186345086,0.6666666865348816,0.9416666626930237
792,3244001,1175.4887507333176,59,0.8204583340883255,0.06742819128052703,0.5458333492279053,0.9291666746139526,43.09,16.182765523852837,17.0,109.0,1.4923209697008133,0.6572251729667187,0.009186506242258474,0.002687978761969134,0.031748945409000306,0.8204583340883255,0.06742819128052703,0.5458333492279053,0.9291666746139526
793,3248097,1184.3974090316574,62,0.8167124501951448,0.0691956598743459,0.6000000238418579,0.9416666626930237,43.989010989010985,16.606959024241803,14.0,96.0,1.4727139621973038,0.6440919786691666,0.007764724708977155,0.0029499543161364272,0.03333624794858161,0.8167124501951448,0.0691956598743459,0.6000000238418579,0.9416666626930237
794,3252193,1159.830770355607,66,0.8096153827813956,0.1064729900436405,0.0,0.925000011920929,45.42857142857143,23.595558744489992,18.0,216.0,1.5012605637311935,0.6351785734295845,0.007745465016341768,0.003692643964313902,0.03742398867952848,0.8096153827813956,0.1064729900436405,0.0,0.925000011920929
795,3256289,1224.7601903425855,69,0.8168137245318469,0.08960116422236364,0.28333333134651184,0.9375,43.96470588235294,21.504279770383068,15.0,172.0,1.5004146248102188,0.6353989727795124,0.005136098814546131,0.003913396489224397,0.04250498369542151,0.8168137245318469,0.08960116422236364,0.28333333134651184,0.9375
796,3260385,1168.8349480228476,73,0.7965909097005021,0.11490578906220236,0.19166666269302368,0.9208333492279053,48.81818181818182,27.57738922911694,19.0,194.0,1.5485690534114838,0.6262423321604729,0.01307809364516288,0.00430812529521063,0.04254358598034633,0.7965909097005021,0.11490578906220236,0.19166666269302368,0.9208333492279053
797,3264481,1150.2005424060344,76,0.8025862088148621,0.1108376198588044,0.0,0.9208333492279053,47.10344827586207,24.655341209935813,19.0,216.0,1.5413845106959343,0.6225319877266884,0.00369920811499469,0.0037866463389946148,0.039803801275644535,0.8025862088148621,0.1108376198588044,0.0,0.9208333492279053
798,3268577,1167.0732558032107,80,0.7918172640254698,0.07735710752870345,0.3958333432674408,0.8958333134651184,49.963855421686745,18.56570603444454,25.0,145.0,1.5294027030467987,0.6116277389228344,0.004942160157952458,0.003081737391767092,0.03700275518596419,0.7918172640254698,0.07735710752870345,0.3958333432674408,0.8958333134651184
799,3272673,1148.2137476986259,83,0.804960317554928,0.09675940669996452,0.4416666626930237,0.9333333373069763,46.80952380952381,23.22225748350891,16.0,134.0,1.5005913823843002,0.6110632494091988,0.0007020636257948354,0.004089274050784297,0.044373757136213034,0.804960317554928,0.09675940669996452,0.4416666626930237,0.9333333373069763
800,3276769,1159.06572276529,87,0.827864583581686,0.07446110644603302,0.5291666388511658,0.9291666746139526,41.3125,17.870665266948887,17.0,113.0,1.4172738119959831,0.6305469200015068,-0.017899325175676495,0.004559878376312554,0.041628874805497866,0.827864583581686,0.07446110644603302,0.5291666388511658,0.9291666746139526
801,3280864,1129.4115053329272,3,0.8112787342277067,0.0934774433453884,0.46666666865348816,0.9208333492279053,45.293103448275865,22.434585846249686,19.0,128.0,1.520712822675705,0.5814440585672855,0.01324778443085961,0.004075193763128482,0.045585072209574896,0.8112787342277067,0.0934774433453884,0.46666666865348816,0.9208333492279053
802,3284960,1131.2881917372927,7,0.7463235305074383,0.2043235794842387,0.0,0.9458333253860474,60.1764705882353,46.56461076588686,13.0,216.0,1.5681774392724037,0.5642701908946037,0.028300100821070373,0.007203117478638887,0.06375934728764035,0.7463235305074383,0.2043235794842387,0.0,0.9458333253860474
803,3289056,1108.873500774507,11,0.7163690477609634,0.2080099533788344,0.0,0.9041666388511658,66.78571428571429,45.599856784594294,23.0,216.0,1.6130321398377419,0.5281735099852085,0.029499145224690437,0.006309899210464209,0.056009829530718314,0.7163690477609634,0.2080099533788344,0.0,0.9041666388511658
804,3293152,1155.039262490386,14,0.7074858773562868,0.2199819430164211,0.0,0.9291666746139526,69.38983050847457,50.298774102779674,17.0,216.0,1.6286246478557587,0.49960169941186905,0.027447164175100625,0.007682474126340821,0.05964668451573983,0.7074858773562868,0.2199819430164211,0.0,0.9291666746139526
805,3297248,1215.4743360332445,18,0.6406914867619251,0.2994826751469713,0.0,0.9166666865348816,82.65957446808511,64.34193119931372,20.0,216.0,1.6842383369803429,0.4388155583292246,0.037069716956466436,0.007739387801848352,0.0706657785239877,0.6406914867619251,0.2994826751469713,0.0,0.9166666865348816
806,3301344,1238.7122877733696,21,0.5988372086092483,0.29609228921367314,0.0,0.9375,92.93023255813954,64.47007430848258,15.0,216.0,1.7136426866054535,0.41561317816376686,0.03263527434319258,0.008796739304671064,0.06821885994296725,0.5988372086092483,0.29609228921367314,0.0,0.9375
807,3305440,1251.3821711645992,24,0.5452777783075968,0.2904692354454656,0.0,0.8791666626930237,105.4,62.91560484755219,29.0,216.0,1.7392047196626663,0.3843684662133455,0.027146899956278503,0.008260268048616126,0.05350490181688186,0.5452777783075968,0.2904692354454656,0.0,0.8791666626930237
808,3309536,1252.5612216924842,27,0.5868686880126144,0.24906627252333327,0.0,0.8583333492279053,96.96969696969697,54.82837401271234,34.0,216.0,1.7369568198919296,0.35376764088869095,0.02122901624534279,0.005272882059216499,0.0450846314757115,0.5868686880126144,0.24906627252333327,0.0,0.8583333492279053
809,3313632,1284.940508521696,31,0.5333333338300387,0.30168094977820004,0.0,0.8416666388511658,107.07692307692308,63.8425083914474,38.0,216.0,1.7412744015455246,0.33320057578384876,0.015004258078988642,0.006945172208361328,0.0514331112318605,0.5333333338300387,0.30168094977820004,0.0,0.8416666388511658
810,3317728,1268.9362616882624,34,0.4886574082904392,0.30968891767828366,0.0,0.8541666865348816,117.38888888888889,66.12751897230153,35.0,216.0,1.7452595978975296,0.30941852182149887,0.016406412731157616,0.006781249743653461,0.0501081358238577,0.4886574082904392,0.30968891767828366,0.0,0.8541666865348816
811,3321824,1246.46041609168,37,0.5655982901270573,0.2997056351355328,0.0,0.9166666865348816,100.56410256410257,65.16440544511337,20.0,216.0,1.724036082625389,0.3123041782528162,0.002438058865664061,0.008883660717401654,0.05787023874727092,0.5655982901270573,0.2997056351355328,0.0,0.9166666865348816
812,3325920,1169.6654277968134,41,0.5767210104867168,0.3032490312881935,0.0,0.9041666388511658,97.93478260869566,66.03174538709229,23.0,216.0,1.6831386759877205,0.32180886901915073,-0.008619659798569046,0.009174312930554152,0.06156130940592392,0.5767210104867168,0.3032490312881935,0.0,0.9041666388511658
813,3330016,1117.6884974534985,44,0.6348148130708271,0.2483590482277629,0.0,0.8958333134651184,85.5111111111111,54.30924710385566,25.0,216.0,1.676313653588295,0.32692915201187134,-0.01716812889208086,0.008860488334903494,0.05718363899961421,0.6348148130708271,0.2483590482277629,0.0,0.8958333134651184
814,3334112,1139.6578535329497,48,0.6306666666269303,0.2975779078544357,0.0,0.9125000238418579,85.28,64.44254495284927,21.0,216.0,1.6383351013064384,0.3438124395906925,-0.02104125387268141,0.010778414143715054,0.06747051490192213,0.6306666666269303,0.2975779078544357,0.0,0.9125000238418579
815,3338208,1135.4479560690652,52,0.6334876522973731,0.26816223416893437,0.0,0.9083333611488342,85.29629629629629,58.20736545910651,22.0,216.0,1.6498294696211815,0.3562465012073517,-0.012161506747361273,0.011931689688935876,0.06530618149337511,0.6334876522973731,0.26816223416893437,0.0,0.9083333611488342
816,3342304,1128.246199117794,55,0.6860243041689197,0.25213855249041855,0.0,0.9166666865348816,73.35416666666667,55.202086910782235,20.0,216.0,1.6317243874073029,0.36606449261307716,-0.012666476017329842,0.010767978325020522,0.06296897181859279,0.6860243041689197,0.25213855249041855,0.0,0.9166666865348816
817,3346400,1137.8318379031625,59,0.6522058829957363,0.3030351569731722,0.0,0.9291666746139526,79.70588235294117,64.70727271233515,17.0,216.0,1.5776720494031906,0.38229634426534176,-0.011426430435676593,0.011150696605909616,0.06678097894390181,0.6522058829957363,0.3030351569731722,0.0,0.9291666746139526
818,3350496,1119.2129999078172,62,0.6880952380597591,0.26592091241497473,0.0,0.9541666507720947,72.71428571428571,58.4140743454234,11.0,216.0,1.5732074454426765,0.3827214762568474,-0.019651493057608604,0.011663414654321969,0.06999062117495677,0.6880952380597591,0.26592091241497473,0.0,0.9541666507720947
819,3354592,1132.2611119455578,66,0.6925373128545818,0.2870932643536297,0.0,0.9333333373069763,71.28358208955224,62.99130619240525,16.0,216.0,1.5172923132777214,0.43197261169552803,-0.021195271547185257,0.014830687607172877,0.07893201906553311,0.6925373128545818,0.2870932643536297,0.0,0.9333333373069763
820,3358688,1122.0525687590625,70,0.7499999987042468,0.20615284154441768,0.0,0.9291666746139526,58.95652173913044,45.784762601245696,17.0,216.0,1.5021500065922737,0.45131069235503674,-0.02292206307174638,0.01319532300112769,0.08441768179283057,0.7499999987042468,0.20615284154441768,0.0,0.9291666746139526
821,3362784,1138.2878684357129,73,0.7547860377140947,0.23671008551345585,0.0,0.9416666626930237,57.87837837837838,53.82678743914587,14.0,216.0,1.516545832157135,0.47494574449956417,-0.018644454597961158,0.01286730938591063,0.07996086556480717,0.7547860377140947,0.23671008551345585,0.0,0.9416666626930237
822,3366880,1220.635373543557,77,0.7563762626413143,0.1975627755554522,0.0,0.9375,57.74242424242424,44.733321119334214,15.0,216.0,1.51414205878973,0.4920175466686487,-0.007235567973111756,0.011252740456257015,0.0662687744951345,0.7563762626413143,0.1975627755554522,0.0,0.9375
823,3370976,1220.688192295523,80,0.7375641018152237,0.23136935862975075,0.0,0.9333333373069763,61.50769230769231,50.929551064167384,16.0,216.0,1.5672161653637886,0.48760888911783695,0.00012476975462050177,0.011333741596899927,0.07108899362295418,0.7375641018152237,0.23136935862975075,0.0,0.9333333373069763
824,3375072,1222.0214482757344,83,0.7339743588979427,0.23619268024618736,0.0,0.9166666865348816,62.36923076923077,52.21363489203805,20.0,216.0,1.5596822649240494,0.48881416395306587,-0.0015185922820819542,0.010551423707511276,0.06516629845202623,0.7339743588979427,0.23619268024618736,0.0,0.9166666865348816
825,3379168,1232.560565352143,87,0.7010233919871481,0.2434038216366553,0.0,0.9375,70.0701754385965,53.69728656254194,15.0,216.0,1.5664563179016113,0.4615612607449293,0.009600639543350553,0.009896419069264084,0.06303672284907048,0.7010233919871481,0.2434038216366553,0.0,0.9375
826,3383263,1101.1064527444519,3,0.8223628688462173,0.06829877756798898,0.5208333134651184,0.9208333492279053,42.63291139240506,16.391706157819588,19.0,115.0,1.4083292186260223,0.5759150832891464,-0.049471408827230334,0.005649816012009978,0.06494589316055933,0.8223628688462173,0.06829877756798898,0.5208333134651184,0.9208333492279053
827,3387359,1154.382978540408,7,0.8390390384304631,0.0557810593207385,0.5916666388511658,0.9375,38.630630630630634,13.387454075713277,15.0,98.0,1.3231351152062416,0.6305562146008015,-0.05362210259772837,0.004023914530989714,0.053975847792125456,0.8390390384304631,0.0557810593207385,0.5916666388511658,0.9375
828,3391455,1212.76870101106,10,0.8481269112420738,0.04944095550475706,0.6791666746139526,0.9541666507720947,36.44954128440367,11.865829622644037,11.0,77.0,1.2927961274981499,0.660963412374258,-0.04148505930788815,0.003337127767736092,0.05513338178400524,0.8481269112420738,0.04944095550475706,0.6791666746139526,0.9541666507720947
829,3395551,1245.651998579743,14,0.8603515638969839,0.04171216392169183,0.7291666865348816,0.9333333373069763,33.515625,10.010919331378862,16.0,65.0,1.2832745388150215,0.6957332715392113,-0.03736783331260085,0.0024377336958423257,0.03892694069916133,0.8603515638969839,0.04171216392169183,0.7291666865348816,0.9333333373069763
830,3399647,1254.4846842902418,17,0.8678774971228379,0.042127295585822566,0.7250000238418579,0.9416666626930237,31.70940170940171,10.110551169011195,14.0,66.0,1.3023707121610641,0.7021892927587032,-0.015321838174713776,0.0021610557450912893,0.03321548727973865,0.8678774971228379,0.042127295585822566,0.7250000238418579,0.9416666626930237
831,3403743,1259.486297520494,20,0.8565064113873702,0.09194015815082339,0.0,0.9375,34.253846153846155,20.381104196878628,15.0,216.0,1.3575081378221512,0.7131154835224152,-0.005655412725900533,0.003551543311914429,0.04190320242208963,0.8565064113873702,0.09194015815082339,0.0,0.9375
832,3407839,1247.7609626222295,23,0.8497372409244915,0.05308983847986123,0.6916666626930237,0.9458333253860474,36.06306306306306,12.741560909144077,13.0,74.0,1.379787340760231,0.7111466005444527,0.007448953932907898,0.0021995223651174456,0.03126641989276906,0.8497372409244915,0.05308983847986123,0.6916666626930237,0.9458333253860474
833,3411935,1272.433792128952,27,0.8404530749737638,0.05499776694160884,0.6333333253860474,0.9333333373069763,38.29126213592233,13.199463851983854,16.0,88.0,1.453710451722145,0.6921378821134567,0.012915597733808681,0.0019425207501626574,0.02959249811081183,0.8404530749737638,0.05499776694160884,0.6333333253860474,0.9333333373069763
834,3416031,1305.3724069677633,30,0.8336221115423901,0.060809813668500995,0.6000000238418579,0.9375,39.93069306930693,14.594354954891221,15.0,96.0,1.417946420609951,0.6853250823915005,0.012844873068388551,0.002167107399145607,0.030252913240816838,0.8336221115423901,0.060809813668500995,0.6000000238418579,0.9375
835,3420127,1237.4496892558657,33,0.8365443425441007,0.05730758698913231,0.637499988079071,0.9291666746139526,39.22935779816514,13.753820505105457,17.0,87.0,1.403794713318348,0.6858885958790779,0.0027142498638568213,0.002218475201516412,0.028323721274350122,0.8365443425441007,0.05730758698913231,0.637499988079071,0.9291666746139526
836,3424223,1180.4661450313333,37,0.8389158567178596,0.060893742804254754,0.6291666626930237,0.9375,38.66019417475728,14.614498319386293,15.0,89.0,1.4310773387551308,0.6735352501273155,0.0035222646001784597,0.002716840768698603,0.03925190274282794,0.8389158567178596,0.060893742804254754,0.6291666626930237,0.9375
837,3428319,1187.705015243598,40,0.8383712112903595,0.06632748740080552,0.4958333373069763,0.9291666746139526,38.79090909090909,15.918597159837613,17.0,121.0,1.449977345764637,0.6809872984886169,-0.0019235807459523357,0.0026906932616839185,0.0349408881220869,0.8383712112903595,0.06632748740080552,0.4958333373069763,0.9291666746139526
838,3432415,1187.549354629753,44,0.8299663277587506,0.06587726504844538,0.612500011920929,0.9458333253860474,40.80808080808081,15.810542939250192,13.0,93.0,1.4934013709425926,0.6652034856379032,0.006603734895179514,0.0023003491005511023,0.031722682321260486,0.8299663277587506,0.06587726504844538,0.612500011920929,0.9458333253860474
839,3436511,1186.5655981347986,47,0.8237145390916378,0.06758024894557771,0.5708333253860474,0.9208333492279053,42.308510638297875,16.21926002178096,19.0,103.0,1.51519063860178,0.657650776207447,0.010371264506829903,0.002792480241623707,0.03718937805480887,0.8237145390916378,0.06758024894557771,0.5708333253860474,0.9208333492279053
840,3440607,1175.8570738265912,51,0.8260833352804184,0.08163183740411765,0.2541666626930237,0.9375,41.74,19.591641074703265,15.0,179.0,1.4690858945250511,0.6665672585368156,0.001453023505746387,0.0030962723249103874,0.03145207067466434,0.8260833352804184,0.08163183740411765,0.2541666626930237,0.9375
841,3444703,1170.0189543151791,54,0.8179421765463692,0.06221991554895915,0.6458333134651184,0.9125000238418579,43.69387755102041,14.932780106172192,21.0,85.0,1.47952551394701,0.6523502916097641,0.006283868962782435,0.002577140592620708,0.032697783728071625,0.8179421765463692,0.06221991554895915,0.6458333134651184,0.9125000238418579
842,3448799,1166.2465307804875,58,0.8201960809090558,0.06349214402049304,0.6666666865348816,0.9375,43.15294117647059,15.238114660557732,15.0,80.0,1.4708105400204659,0.6373917981982231,0.004674350622735801,0.0025964914384530857,0.03348835251408186,0.8201960809090558,0.06349214402049304,0.6666666865348816,0.9375
843,3452895,1184.2533080589603,61,0.8144946814851558,0.07877780615779174,0.48750001192092896,0.9375,44.52127659574468,18.90667377578405,15.0,123.0,1.4598252102732658,0.6350675337016582,-0.00575262196798576,0.0032467878190800548,0.03436188794255218,0.8144946814851558,0.07877780615779174,0.48750001192092896,0.9375
844,3456991,1099.8500648391519,65,0.8364182676260288,0.07885607685819723,0.375,0.9291666746139526,39.25961538461539,18.925458632948782,17.0,150.0,1.398637942969799,0.6590242944657803,-0.012279121583560482,0.0035693182580871508,0.035334185387917494,0.8364182676260288,0.07885607685819723,0.375,0.9291666746139526
845,3461087,1252.1487622364218,68,0.8174479169150194,0.1012460578666386,0.0,0.9291666746139526,43.5625,22.322360099610137,17.0,216.0,1.4211015328764915,0.6542364433407784,-0.0027245630790275754,0.003627092475653626,0.038964193823983334,0.8174479169150194,0.1012460578666386,0.0,0.9291666746139526
846,3465183,1256.1155073538885,71,0.8353193157187132,0.06527297605951454,0.6041666865348816,0.9291666746139526,39.52336448598131,15.665514118772728,17.0,95.0,1.4058585092425346,0.6645690463483334,-0.00594451287179254,0.0029781560151604936,0.036406937450741986,0.8353193157187132,0.06527297605951454,0.6041666865348816,0.9291666746139526
847,3469279,1271.429386435181,75,0.8398867316037706,0.0661529602560555,0.3541666567325592,0.9333333373069763,38.42718446601942,15.87671063591126,16.0,155.0,1.3738937303423882,0.6726723536849022,-0.009193242090987042,0.0030069162385188974,0.037528673321404776,0.8398867316037706,0.0661529602560555,0.3541666567325592,0.9333333373069763
848,3473375,1274.0387040777114,78,0.8436383940279484,0.054710411046050476,0.6333333253860474,0.9416666626930237,37.526785714285715,13.130498726675409,14.0,88.0,1.385904423892498,0.6817863956093788,-0.00984650308964774,0.002388336753938347,0.03082481388054384,0.8436383940279484,0.054710411046050476,0.6333333253860474,0.9416666626930237
849,3477471,1278.5779176004587,81,0.84249999739907,0.05729266314835588,0.6166666746139526,0.9375,37.8,13.750239667332746,15.0,92.0,1.3874608352780342,0.6795337088406086,-0.0030134786902635824,0.002497509485692717,0.033350101450479695,0.84249999739907,0.05729266314835588,0.6166666746139526,0.9375
850,3481567,1253.7598803854341,84,0.8476136343045668,0.05852905286942468,0.4958333373069763,0.9375,36.57272727272727,14.046972556979277,15.0,121.0,1.3757135048508644,0.6942788548767567,-0.0035427139009698294,0.002415656897937879,0.03137637696412933,0.8476136343045668,0.05852905286942468,0.4958333373069763,0.9375
851,3485662,1097.3282780903967,3,0.8671296311147285,0.07929811275111384,0.5,0.949999988079071,31.88888888888889,19.031546850771452,12.0,120.0,1.4272909760475159,0.6867860965430737,0.0029546146288339514,0.003860711702145636,0.04762641697597011,0.8671296311147285,0.07929811275111384,0.5,0.949999988079071
852,3489758,1228.232605863304,7,0.8532246369382609,0.14194671783646198,0.0,0.9541666507720947,34.80869565217391,31.614497404272672,11.0,216.0,1.4433183670043945,0.6721676625311375,0.013333311435417272,0.005932423169724643,0.06078505808307123,0.8532246369382609,0.14194671783646198,0.0,0.9541666507720947
853,3493854,1242.7167371999383,10,0.8373088672620441,0.14286168970927254,0.0,0.9541666507720947,38.60550458715596,31.76433241445848,11.0,216.0,1.4622992053627968,0.6537905111908913,0.009544789703795686,0.0068691383639816195,0.05660150739647118,0.8373088672620441,0.14286168970927254,0.0,0.9541666507720947
854,3497950,1233.2236117748052,13,0.8292460288320269,0.14662086783585743,0.0,0.949999988079071,40.75238095238095,33.95172509885482,12.0,216.0,1.4588896483182907,0.6466533839702606,0.015187920012976974,0.006764735415345058,0.05126436591827968,0.8292460288320269,0.14662086783585743,0.0,0.949999988079071
855,3502046,1235.0967997593052,17,0.844175173920028,0.13949254538241862,0.0,0.949999988079071,37.1530612244898,32.0526836855392,12.0,216.0,1.5053833052515984,0.6306761167943478,0.011053874783101492,0.00724898319458589,0.054589025887807355,0.844175173920028,0.13949254538241862,0.0,0.949999988079071
856,3506142,1239.6541081822195,20,0.8317556627167081,0.16161448370295373,0.0,0.9583333134651184,39.9126213592233,36.46067353310549,10.0,216.0,1.518237940967083,0.6216730922460556,0.012759601057041436,0.007596899376949295,0.05790158683821661,0.8317556627167081,0.16161448370295373,0.0,0.9583333134651184
857,3510238,1251.1615341949857,23,0.8118279603540256,0.1837973638115896,0.0,0.9583333134651184,44.645161290322584,41.914312273507264,10.0,216.0,1.552236407995224,0.5978761278092861,0.00400343922956381,0.008352814329555258,0.05744840510176165,0.8118279603540256,0.1837973638115896,0.0,0.9583333134651184
858,3514334,1244.8983910254171,27,0.8139336919912727,0.16872219631348076,0.0,0.9541666507720947,44.13978494623656,38.08129148603123,11.0,216.0,1.5319709554314613,0.5959576368331909,0.008109310059808195,0.008537996938684955,0.058671028410712193,0.8139336919912727,0.16872219631348076,0.0,0.9541666507720947
859,3518430,1099.2821328436905,30,0.8233599285496042,0.14695769262954622,0.0,0.949999988079071,42.138297872340424,33.898660321181524,12.0,216.0,1.5485893711447716,0.5897148251533508,4.006136441603303e-05,0.007850751251680776,0.05695592803789443,0.8233599285496042,0.14695769262954622,0.0,0.949999988079071
860,3522526,1149.4323001633504,34,0.8185526339631332,0.16523040074948495,0.0,0.9416666626930237,43.04210526315789,37.22758337562243,14.0,216.0,1.5099930465221405,0.5925436690449715,0.0049472249957034364,0.008538403373677284,0.05920826138198074,0.8185526339631332,0.16523040074948495,0.0,0.9416666626930237
861,3526622,1169.058208518294,37,0.8367346950939724,0.15239181956074568,0.21250000596046448,0.9458333253860474,39.183673469387756,36.57403644127434,13.0,189.0,1.5104814246296883,0.5953248031437397,-0.0021363213527365588,0.008619512402219698,0.05877276016543275,0.8367346950939724,0.15239181956074568,0.21250000596046448,0.9458333253860474
862,3530718,1150.2428975307887,41,0.7960910667310056,0.20312723119434462,0.0,0.9624999761581421,48.1958762886598,45.937348454117426,9.0,216.0,1.5281958505511284,0.5790835358202457,0.007235455312184058,0.010075312136905268,0.07030745201637936,0.7960910667310056,0.20312723119434462,0.0,0.9624999761581421
863,3534814,1175.5615442288556,45,0.8301975975946053,0.1370404312164307,0.0,0.949999988079071,40.50515463917526,31.448574848912198,12.0,216.0,1.5032329484820366,0.6005078740417957,-0.00999695215432439,0.008001022069947794,0.06466604190072972,0.8301975975946053,0.1370404312164307,0.0,0.949999988079071
864,3538910,1161.9749384852007,48,0.8279461276651633,0.14799119243560604,0.24583333730697632,0.949999988079071,41.292929292929294,35.51788638186969,12.0,181.0,1.4824281185865402,0.597046360373497,-0.0021942457133263815,0.009066396014532074,0.0652467031387674,0.8279461276651633,0.14799119243560604,0.24583333730697632,0.949999988079071
865,3543006,1146.4416285600937,52,0.8349688472313301,0.13131968309117056,0.1666666716337204,0.9583333134651184,39.60747663551402,31.516723645289755,10.0,200.0,1.4907270669937134,0.6160753555595875,-0.014849648388917558,0.008746683568460867,0.06487873078852258,0.8349688472313301,0.13131968309117056,0.1666666716337204,0.9583333134651184
866,3547102,1169.3413239386002,55,0.8381076380610466,0.1135734851161529,0.2958333194255829,0.9541666507720947,38.854166666666664,27.257636226182363,11.0,169.0,1.5258558094501495,0.6199289262294769,0.009266892498999368,0.007094579079421237,0.0629762363004399,0.8381076380610466,0.1135734851161529,0.2958333194255829,0.9541666507720947
867,3551198,1126.2856543090948,59,0.833473783530546,0.17223883955782643,0.0,0.949999988079071,39.157303370786515,37.46845830841042,12.0,216.0,1.5523425862193108,0.5994271785020828,0.01484180566330906,0.008098486141534522,0.06313594532526215,0.833473783530546,0.17223883955782643,0.0,0.949999988079071
868,3555294,1091.1599419559464,63,0.8121279758800354,0.1994019710662958,0.0,0.9624999761581421,44.44642857142857,45.32833379231754,9.0,216.0,1.5439217612147331,0.6173452474176884,-5.401386442827061e-05,0.011730716098099947,0.07254713934190185,0.8121279758800354,0.1994019710662958,0.0,0.9624999761581421
869,3559390,1240.207515007311,66,0.8153089844108967,0.14444534259495073,0.0,0.9541666507720947,44.056179775280896,33.20632116301299,11.0,216.0,1.5193208754062653,0.5904030911624432,0.007832705363398418,0.0069443822430912405,0.060298120451820196,0.8153089844108967,0.14444534259495073,0.0,0.9541666507720947
870,3563486,1255.061958672789,69,0.826515150792671,0.14854850161690097,0.0,0.949999988079071,41.39393939393939,34.36018902060465,12.0,216.0,1.5222839042544365,0.5847597680985928,-0.005216093319177162,0.008379974984563887,0.0579511531773943,0.826515150792671,0.14854850161690097,0.0,0.949999988079071
871,3567582,1274.5386112097192,72,0.8198245613198532,0.17994142572910732,0.0,0.9583333134651184,42.48421052631579,39.8044861681893,10.0,216.0,1.5027545616030693,0.599849034100771,0.0028826336092606653,0.00890203719609417,0.061281410515946405,0.8198245613198532,0.17994142572910732,0.0,0.9583333134651184
872,3571678,1255.745311275904,76,0.8242083349823952,0.19072476554495135,0.0,0.9541666507720947,41.47,42.74539858277146,11.0,216.0,1.5304778888821602,0.5933768302202225,0.006298145959590329,0.008392334246309474,0.06037189416640516,0.8242083349823952,0.19072476554495135,0.0,0.9541666507720947
873,3575774,1251.0579409541306,79,0.8190350893296694,0.1511864058344385,0.0,0.9624999761581421,43.17894736842105,34.9751728327601,9.0,216.0,1.4955649301409721,0.5963057093322277,0.002008968385780463,0.008579907909734175,0.06513105575767827,0.8190350893296694,0.1511864058344385,0.0,0.9624999761581421
874,3579870,1251.226778496215,82,0.8238799273967743,0.16626535397458828,0.0,0.9541666507720947,41.75268817204301,37.42078541326697,11.0,216.0,1.4990731701254845,0.5985045097768307,0.006473718196502887,0.009740882262121886,0.06848319472255907,0.8238799273967743,0.16626535397458828,0.0,0.9541666507720947
875,3583966,1255.053065041173,85,0.8146233964138306,0.17384769806466394,0.0,0.949999988079071,44.02884615384615,39.638864167818845,12.0,216.0,1.48712906986475,0.597234707325697,-0.0030152372128213756,0.008189279556972906,0.06165882290438254,0.8146233964138306,0.17384769806466394,0.0,0.949999988079071
876,3588062,1136.7553713589061,3,0.8621794873705277,0.06951471637576773,0.5,0.9583333134651184,33.07692307692308,16.683531900841338,10.0,120.0,1.4417801275849342,0.6614326126873493,-0.024024829093832523,0.006116873555583879,0.05347168444119267,0.8621794873705277,0.06951471637576773,0.5,0.9583333134651184
877,3592158,1161.7744084710905,7,0.8664351867304908,0.05783590263079455,0.6583333611488342,0.9458333253860474,32.05555555555556,13.880616584102093,13.0,82.0,1.3808850422501564,0.6888453662395477,-0.028829774353653193,0.0041437200852669775,0.043038711342755526,0.8664351867304908,0.05783590263079455,0.6583333611488342,0.9458333253860474
878,3596254,1153.284427614807,10,0.8679534312995041,0.07038590667197592,0.4833333194255829,0.9583333134651184,31.691176470588236,16.892617037647625,10.0,124.0,1.3366777822375298,0.7112825512886047,-0.017647182568907738,0.00411968125263229,0.04295543265912505,0.8679534312995041,0.07038590667197592,0.4833333194255829,0.9583333134651184
879,3600350,1135.9485685120726,14,0.8835045687139851,0.04994973864766609,0.7041666507720947,0.949999988079071,27.958904109589042,11.987937266056852,12.0,71.0,1.337486907839775,0.735636442899704,-0.018337242305278778,0.0026837070618057624,0.03685425672320221,0.8835045687139851,0.04994973864766609,0.7041666507720947,0.949999988079071
880,3604446,1142.2139828533627,18,0.8825520844095283,0.05100969643498398,0.6958333253860474,0.9583333134651184,28.1875,12.24232682018505,10.0,73.0,1.345116026699543,0.7443716451525688,-0.0036482001305557787,0.002750208557699807,0.03508798581238516,0.8825520844095283,0.05100969643498398,0.6958333253860474,0.9583333134651184
881,3608542,1129.0676934469805,21,0.87682854100097,0.04998529574852508,0.7333333492279053,0.9541666507720947,29.56115107913669,11.996471368436714,11.0,64.0,1.3628828823566437,0.7404567785561085,-0.0008507959901180584,0.002251162120955996,0.029482364579715207,0.87682854100097,0.04998529574852508,0.7333333492279053,0.9541666507720947
882,3612638,1063.4396197536837,25,0.8738224657549374,0.05937431739217871,0.5874999761581421,0.9583333134651184,30.282608695652176,14.249835559913036,10.0,99.0,1.415288507938385,0.7397544495761395,0.002814109124301467,0.0025764268648345023,0.031554850440585126,0.8738224657549374,0.05937431739217871,0.5874999761581421,0.9583333134651184
883,3616734,1221.1140315244572,28,0.867195766596567,0.07193353519962813,0.3791666626930237,0.9541666507720947,31.873015873015873,17.264048398188248,11.0,149.0,1.4348664209246635,0.7254243530333042,0.010933406330877915,0.0032456059416290373,0.03568370554931198,0.867195766596567,0.07193353519962813,0.3791666626930237,0.9541666507720947
884,3620830,1259.549180894561,32,0.8663113673990087,0.05904883721422141,0.47083333134651184,0.9458333253860474,32.08527131782946,14.171721491853615,13.0,127.0,1.4199695363640785,0.7269962541759014,0.003978060922236182,0.0030201261542970315,0.03610801273694492,0.8663113673990087,0.05904883721422141,0.47083333134651184,0.9458333253860474
885,3624926,1269.605817942756,35,0.866263439818736,0.06229675692191045,0.4791666567325592,0.9458333253860474,32.096774193548384,14.951221416735065,13.0,125.0,1.4485467672348022,0.7249981611967087,0.005595498252660036,0.0028328614425845444,0.03389229677658875,0.866263439818736,0.06229675692191045,0.4791666567325592,0.9458333253860474
886,3629022,1270.6272659753752,38,0.8737345673419811,0.05423256798002855,0.675000011920929,0.9541666507720947,30.303703703703704,13.015816062163001,11.0,78.0,1.4081721901893616,0.7300676368176937,-0.0030755603129364317,0.0028396676352713257,0.034861598823391744,0.8737345673419811,0.05423256798002855,0.675000011920929,0.9541666507720947
887,3633118,1273.0712903861415,41,0.8686217940770663,0.06083945248402304,0.6166666746139526,0.9416666626930237,31.53076923076923,14.601469083906728,14.0,92.0,1.433364786207676,0.7238848805427551,0.0015466054755961522,0.0030929437052691355,0.035567467494537264,0.8686217940770663,0.06083945248402304,0.6166666746139526,0.9416666626930237
888,3637214,1267.4330871754935,45,0.8629265084980041,0.06320974133814856,0.625,0.9541666507720947,32.89763779527559,15.17033711814792,11.0,90.0,1.40728809684515,0.7180459089577198,0.0014200615914887749,0.002918547485023737,0.03199879458905033,0.8629265084980041,0.06320974133814856,0.625,0.9541666507720947
889,3641310,1271.0286698309949,48,0.8731552159968223,0.06346511150882685,0.47083333134651184,0.949999988079071,30.442748091603054,15.23162655167939,12.0,127.0,1.3727968335151672,0.7260498069226742,-0.0034742502593871905,0.003207716959877871,0.04052422325827147,0.8731552159968223,0.06346511150882685,0.47083333134651184,0.949999988079071
890,3645406,1227.210739761552,51,0.8732440484421594,0.05554355405357902,0.6333333253860474,0.9624999761581421,30.42142857142857,13.330452707532297,9.0,88.0,1.387692928314209,0.7308342270553112,-0.0015545828428003006,0.0028842546889791265,0.034427559949960405,0.8732440484421594,0.05554355405357902,0.6333333253860474,0.9624999761581421
891,3649502,1101.6208880709387,55,0.8711538489048297,0.05850162271364886,0.5541666746139526,0.9583333134651184,30.923076923076923,14.040389751666376,10.0,107.0,1.3970265462994576,0.7285465337336063,-0.0008994949021143839,0.002868717274395749,0.0318030383165917,0.8711538489048297,0.05850162271364886,0.5541666746139526,0.9583333134651184
892,3653598,1184.9016709654738,58,0.8648901817410491,0.05880159016784276,0.5333333611488342,0.9458333253860474,32.42635658914729,14.112381277807389,13.0,112.0,1.411615140736103,0.7251958027482033,0.003357711735588964,0.0026169385091634467,0.030988187890146224,0.8648901817410491,0.05880159016784276,0.5333333611488342,0.9458333253860474
893,3657694,1169.5031543809698,62,0.869368489831686,0.06587993800794995,0.5333333611488342,0.9666666388511658,31.3515625,15.811185638926442,8.0,112.0,1.3896851614117622,0.7217569276690483,0.0028545480527100153,0.0028974587767152116,0.03673861168100008,0.869368489831686,0.06587993800794995,0.5333333611488342,0.9666666388511658
894,3661790,1175.0707447905427,65,0.870769718676123,0.0544314473530143,0.625,0.9458333253860474,31.015267175572518,13.063546817880981,13.0,90.0,1.3615238294005394,0.730810210108757,-0.0013034037256147712,0.0026682263996917754,0.03068330024085046,0.870769718676123,0.0544314473530143,0.625,0.9458333253860474
895,3665886,1188.7910943230572,69,0.8664333319664002,0.0605926844685805,0.5416666865348816,0.9624999761581421,32.056,14.54224411842959,9.0,110.0,1.4035584852099419,0.7191688194870949,0.0031377761115436442,0.0032445103133795783,0.03632898082228099,0.8664333319664002,0.0605926844685805,0.5416666865348816,0.9624999761581421
896,3669982,1188.0273032605235,72,0.8705335718264683,0.05874223252426426,0.5666666626930237,0.9541666507720947,31.071942446043167,14.098135132439145,11.0,104.0,1.3965885266661644,0.7303541600704193,-0.0054876332433195785,0.0026199100102530792,0.029211224692100857,0.8705335718264683,0.05874223252426426,0.5666666626930237,0.9541666507720947
897,3674078,1191.6729025807615,76,0.8768229158595204,0.05079327056000192,0.7166666388511658,0.9624999761581421,29.5625,12.190384274090789,9.0,68.0,1.4162010699510574,0.7329099476337433,-0.0017597378700884292,0.002560944194556214,0.030778513969796265,0.8768229158595204,0.05079327056000192,0.7166666388511658,0.9624999761581421
898,3678174,1184.1812299090889,79,0.8713321597643302,0.061552844200738595,0.6166666746139526,0.9583333134651184,30.880281690140844,14.772682437510252,10.0,92.0,1.4421083554625511,0.7287340499460697,0.004560140929243062,0.0029256062698550522,0.0345916503164561,0.8713321597643302,0.061552844200738595,0.6166666746139526,0.9583333134651184
899,3682270,1099.3879334408327,83,0.8685819929645907,0.0626530360365139,0.6208333373069763,0.9583333134651184,31.54032258064516,15.03672879316401,10.0,91.0,1.4250164031982422,0.720789335668087,0.008329384563694475,0.003361263428814709,0.04086450912130252,0.8685819929645907,0.0626530360365139,0.6208333373069763,0.9583333134651184
900,3686366,1120.3584694430335,87,0.8675438613819897,0.05962815718628458,0.6000000238418579,0.9541666507720947,31.789473684210527,14.310757629612697,11.0,96.0,1.420947976410389,0.725404467433691,-0.006768041988834739,0.002880321815609932,0.03339366362201119,0.8675438613819897,0.05962815718628458,0.6000000238418579,0.9541666507720947
901,3690462,1210.2588736673138,3,0.9013172065058063,0.03474418553803918,0.800000011920929,0.9666666388511658,23.683870967741935,8.338604229694543,8.0,48.0,1.334218144416809,0.7681449390947819,-0.025765779078938067,0.0018078677167068236,0.029968293250190875,0.9013172065058063,0.03474418553803918,0.800000011920929,0.9666666388511658
902,3694558,1243.9943459374767,6,0.9085087754224476,0.030935793509934886,0.800000011920929,0.9666666388511658,21.957894736842107,7.424590422123505,8.0,48.0,1.29026497900486,0.7958871871232986,-0.024628504528664052,0.0014371056313393638,0.023186882320679336,0.9085087754224476,0.030935793509934886,0.800000011920929,0.9666666388511658
903,3698654,1267.0901138044399,10,0.9076958113029355,0.032333177612989754,0.8041666746139526,0.9624999761581421,22.153005464480874,7.75996304671027,9.0,47.0,1.3017751649022102,0.8005274198949337,-0.00564245541136188,0.0012609136683749966,0.02371177144186582,0.9076958113029355,0.032333177612989754,0.8041666746139526,0.9624999761581421
904,3702750,1278.9043847920584,13,0.9035511389374733,0.0286034628723341,0.800000011920929,0.9624999761581421,23.147727272727273,6.864830946616226,9.0,48.0,1.3307573199272156,0.8018511831760406,0.0017735244073264766,0.0011236045029363595,0.020539053060991345,0.9035511389374733,0.0286034628723341,0.800000011920929,0.9624999761581421
905,3706846,1225.6021232898065,16,0.9064789371831077,0.031090025638356597,0.800000011920929,0.9666666388511658,22.445054945054945,7.461605220695378,8.0,48.0,1.332083448767662,0.7985526099801064,0.0012621588502952363,0.001378800479869824,0.022858017781374557,0.9064789371831077,0.031090025638356597,0.800000011920929,0.9666666388511658
906,3710942,1125.0864079489597,20,0.9007553618553786,0.03386422656946444,0.7458333373069763,0.949999988079071,23.818713450292396,8.127413763623748,12.0,61.0,1.3849360942840576,0.7951939888298512,0.004943327567161759,0.0011950255648116581,0.02384906238257551,0.9007553618553786,0.03386422656946444,0.7458333373069763,0.949999988079071
907,3715038,1180.5946410490797,23,0.8946830297540302,0.035748664215536,0.7583333253860474,0.9624999761581421,25.2760736196319,8.579679476586552,9.0,58.0,1.4080872982740402,0.7832364365458488,0.00909892696654424,0.00148314906982705,0.02681486224473468,0.8946830297540302,0.035748664215536,0.7583333253860474,0.9624999761581421
908,3719134,1180.881261966137,27,0.8946502046820558,0.03641982542649904,0.7875000238418579,0.9583333134651184,25.28395061728395,8.740758178123082,10.0,51.0,1.3506691008806229,0.7818514108657837,0.002457633108861046,0.001515861127700191,0.024644739190829157,0.8946502046820558,0.03641982542649904,0.7875000238418579,0.9583333134651184
909,3723230,1168.071559953769,30,0.9024664780189251,0.03070977585005617,0.7875000238418579,0.9583333134651184,23.408045977011493,7.3703462759745,10.0,51.0,1.350190594792366,0.788904070854187,-0.009126001328695565,0.0013891991839045659,0.022708656223092726,0.9024664780189251,0.03070977585005617,0.7875000238418579,0.9583333134651184
910,3727326,1173.0384271333091,34,0.9008522727950052,0.032217715181843354,0.7791666388511658,0.9541666507720947,23.795454545454547,7.732251070132827,11.0,53.0,1.358786255121231,0.7964182458817959,0.00015498938773816917,0.001264844602701487,0.023589058609177073,0.9008522727950052,0.032217715181843354,0.7791666388511658,0.9541666507720947
911,3731422,1188.3626716809774,37,0.8996969685410008,0.028862280869821958,0.8125,0.9624999761581421,24.072727272727274,6.926946623995341,9.0,45.0,1.402377836406231,0.7942394129931927,0.003593280431232415,0.0010970751354761887,0.020648013055464945,0.8996969685410008,0.028862280869821958,0.8125,0.9624999761581421
912,3735518,1165.5510411102753,41,0.8949845668710308,0.037285449562966914,0.7666666507720947,0.9624999761581421,25.203703703703702,8.948507627069146,9.0,56.0,1.3807586058974266,0.7840581573545933,0.007880978839239106,0.0014088067400734872,0.02428103314931665,0.8949845668710308,0.037285449562966914,0.7666666507720947,0.9624999761581421
913,3739614,1178.6615615641988,44,0.9021648062008053,0.03351712910554401,0.800000011920929,0.9583333134651184,23.480446927374302,8.0441107796953,10.0,48.0,1.3238582462072372,0.7945302054286003,-0.004645420991437277,0.001360204587399494,0.02191237638463843,0.9021648062008053,0.03351712910554401,0.800000011920929,0.9583333134651184
914,3743710,1092.0326890206654,48,0.9042843721680722,0.035481147769690934,0.6791666746139526,0.9541666507720947,22.971751412429377,8.515475694938338,11.0,77.0,1.345654971897602,0.7960949838161469,-0.0005331781148925074,0.0015937025236780755,0.025924981876454818,0.9042843721680722,0.035481147769690934,0.6791666746139526,0.9541666507720947
915,3747806,1141.1846226924629,52,0.9040037270364815,0.032293978851613364,0.7583333253860474,0.9541666507720947,23.039106145251395,7.750554587107144,11.0,58.0,1.33866635710001,0.7991708107292652,-0.0016396883875131607,0.0013961423028376885,0.024754649636279207,0.9040037270364815,0.032293978851613364,0.7583333253860474,0.9541666507720947
916,3751902,1245.4131536638406,55,0.9031617648461285,0.03455646862521393,0.7250000238418579,0.9583333134651184,23.241176470588236,8.29355233784793,10.0,66.0,1.393234521150589,0.7929940074682236,0.003565989671187708,0.0013410477913566865,0.021191480171385613,0.9031617648461285,0.03455646862521393,0.7250000238418579,0.9583333134651184
917,3755998,1239.318581963478,58,0.8958577011760912,0.03743224869908301,0.7708333134651184,0.9541666507720947,24.994152046783626,8.983739095756535,11.0,55.0,1.3936533853411674,0.7885752879083157,0.007877753465436399,0.0013849815368303098,0.021799797834620636,0.8958577011760912,0.03743224869908301,0.7708333134651184,0.9541666507720947
918,3760094,1260.0367631360016,61,0.8985173826568698,0.03071476357763621,0.8166666626930237,0.9583333134651184,24.355828220858896,7.371542847053935,10.0,44.0,1.3675134181976318,0.7869340404868126,-0.001839199561800342,0.0012318390072323382,0.018980074112545618,0.8985173826568698,0.03071476357763621,0.8166666626930237,0.9583333134651184
919,3764190,1252.6959369540605,65,0.8924948251025276,0.03461815902373098,0.7333333492279053,0.9624999761581421,25.801242236024844,8.308358341611541,9.0,64.0,1.3668915256857872,0.7815832607448101,0.002719857595366193,0.0012604439907590859,0.02245128678318292,0.8924948251025276,0.03461815902373098,0.7333333492279053,0.9624999761581421
920,3768286,1230.3789011472547,68,0.9008040930095472,0.030195632909873673,0.7833333611488342,0.9583333134651184,23.80701754385965,7.246952002544076,10.0,52.0,1.3355242162942886,0.7876211293041706,-0.007642764714546502,0.0013929673077655025,0.02329729438007543,0.9008040930095472,0.030195632909873673,0.7833333611488342,0.9583333134651184
921,3772382,1251.2656002617337,71,0.9047050583228636,0.035089546246591594,0.6875,0.9624999761581421,22.870786516853933,8.421490730444598,9.0,75.0,1.3480361476540565,0.7955239526927471,-0.007548040768597275,0.0012060796652804129,0.021639493792725638,0.9047050583228636,0.035089546246591594,0.6875,0.9624999761581421
922,3776478,1224.8251551629305,75,0.9032638894187079,0.028955170382191073,0.8041666746139526,0.9541666507720947,23.216666666666665,6.9492405660219045,11.0,47.0,1.3681625872850418,0.8020244054496288,-0.0011819724149972899,0.0011045171049772762,0.01978071084264275,0.9032638894187079,0.028955170382191073,0.8041666746139526,0.9541666507720947
923,3780574,1103.3323706824247,78,0.9009538145668535,0.03254158231411442,0.7875000238418579,0.9583333134651184,23.771084337349397,7.809980178622578,10.0,51.0,1.3731584772467613,0.7961624749004841,0.010427295172121376,0.0013532034427043982,0.023969319808998094,0.9009538145668535,0.03254158231411442,0.7875000238418579,0.9583333134651184
924,3784670,1145.6013895623848,82,0.8969719001027041,0.03888505673632246,0.6958333253860474,0.9624999761581421,24.726744186046513,9.33241318798645,9.0,73.0,1.3876019269227982,0.7912099175155163,0.0033313228559563868,0.0015660136923543178,0.024617117060829516,0.8969719001027041,0.03888505673632246,0.6958333253860474,0.9624999761581421
925,3788766,1149.1356055890421,86,0.9014792932561163,0.03642398932058906,0.7875000238418579,0.9624999761581421,23.644970414201183,8.741757986322453,9.0,51.0,1.3685779497027397,0.7854027524590492,0.0005784415807283949,0.0016321694929501973,0.025984722031532695,0.9014792932561163,0.03642398932058906,0.7875000238418579,0.9624999761581421
