update,framesToTrain,FPS,duration,rreturn_mean,rreturn_std,rreturn_min,rreturn_max,num_frames_mean,num_frames_std,num_frames_min,num_frames_max,entropy,value,policy_loss,value_loss,grad_norm,return_mean,return_std,return_min,return_max
1,6144,965.8184530821162,6,0.0,0.0,0,0,0.0,0.0,0,0,1.7962379852930705,0.18340803496539593,0.017475071993734066,0.026612018855909508,0.19588808460260929,0.0,0.0,0,0
update,framesToTrain,FPS,duration,rreturn_mean,rreturn_std,rreturn_min,rreturn_max,num_frames_mean,num_frames_std,num_frames_min,num_frames_max,entropy,value,policy_loss,value_loss,grad_norm,return_mean,return_std,return_min,return_max
2,12288,1164.7522659282101,11,0.0,0.0,0,0,0.0,0.0,0,0,1.7957823624213536,0.1783768373231093,0.025378605506072443,0.00526902712105463,0.09893429108387426,0.0,0.0,0,0
3,18432,1136.6637397536283,17,0.0,0.0,0,0,0.0,0.0,0,0,1.8579242130120595,0.1749514633168777,0.031214999966323376,0.0010659492448515568,0.03575227431596922,0.0,0.0,0,0
4,24576,1080.225019501417,23,0.0,0.0,0,0,0.0,0.0,0,0,1.888139749566714,0.14425726421177387,0.025110360545416672,0.00044699659944550757,0.022700914184606496,0.0,0.0,0,0
5,30720,1101.0133747867812,28,0.0,0.0,0.0,0.0,320.0,320.0,0.0,640.0,1.9189832955598831,0.11640954700609048,0.0308815468257914,0.0005891153814445715,0.022723930425834107,0.0,0.0,0.0,0.0
6,36864,1065.3665778192958,34,0.0,0.0,0.0,0.0,320.0,320.0,0.0,640.0,1.9319211492935817,0.1008268849303325,0.016934072754035395,0.00011273694235569565,0.011462213120628034,0.0,0.0,0.0,0.0
7,43008,1152.3005372927223,39,0.0,0.0,0.0,0.0,320.0,320.0,0.0,640.0,1.9350291987260182,0.08534426024804513,0.014609257186142107,7.689807792606491e-05,0.01096114895221706,0.0,0.0,0.0,0.0
8,49152,1044.329163387494,45,0.002833333487311999,0.01942435575676084,0.0,0.13600000739097595,819.1666666666666,179.25579178617602,640.0,1000.0,1.9360802819331486,0.06762069308509429,0.016964008992848296,0.00021083141048923912,0.012136749704440763,0.002833333487311999,0.01942435575676084,0.0,0.13600000739097595
9,55296,1023.1378927621832,51,0.002833333487311999,0.01942435575676084,0.0,0.13600000739097595,819.1666666666666,179.25579178617602,640.0,1000.0,1.93916550775369,0.05372969682017962,0.009423409899075827,5.9630956457112916e-05,0.007123728480032276,0.002833333487311999,0.01942435575676084,0.0,0.13600000739097595
10,61440,1006.6368135315518,57,0.013240234615902105,0.053003173006991235,0.0,0.25046876072883606,814.7291666666666,184.86658923659576,533.0,1000.0,1.9395163009564083,0.044736424926668406,0.010206707384592542,0.00016529758886463242,0.011312157446028629,0.013240234615902105,0.053003173006991235,0.0,0.25046876072883606
11,67584,1005.743858856649,63,0.013240234615902105,0.053003173006991235,0.0,0.25046876072883606,814.7291666666666,184.86658923659576,533.0,1000.0,1.9413411567608516,0.044684052001684904,0.007973214068139592,4.346033263876355e-05,0.008384176613352917,0.013240234615902105,0.053003173006991235,0.0,0.25046876072883606
12,73728,999.2443288478024,70,0.013240234615902105,0.053003173006991235,0.0,0.25046876072883606,814.7291666666666,184.86658923659576,533.0,1000.0,1.9426630636056264,0.038126881079127393,0.006777930383880933,3.5931260072175064e-05,0.005203485371443933,0.013240234615902105,0.053003173006991235,0.0,0.25046876072883606
13,79872,997.1603649998458,76,0.02327148461093505,0.10000812558309116,0.0,0.6175000071525574,800.3958333333334,199.1660466779053,272.0,1000.0,1.940384050210317,0.03421719193768998,0.004676856891213295,0.0003946392882122988,0.015032956506045353,0.02327148461093505,0.10000812558309116,0.0,0.6175000071525574
14,86015,890.290247747863,7,0.0,0.0,0,0,0.0,0.0,0,0,1.943526953458786,0.02796065411530435,0.0048216104041785,2.7990345946212376e-05,0.004682412607088968,0.0,0.0,0,0
15,92159,926.5087710164853,13,0.017994791269302368,0.12336607354864933,0.0,0.8637499809265137,4.541666666666667,31.136097976821407,0.0,218.0,1.940487340092659,0.027345848075735073,0.0016123018285725266,0.0009063597993493507,0.04123900281862062,0.017994791269302368,0.12336607354864933,0.0,0.8637499809265137
16,98303,940.8771852011635,20,0.05197916552424431,0.20143569270510836,0.0,0.8637499809265137,16.833333333333332,66.14703739061603,0.0,327.0,1.9383817811806996,0.024373782488207024,0.0006780415812196831,0.0008444841975385012,0.030166101834454728,0.05197916552424431,0.20143569270510836,0.0,0.8637499809265137
17,104447,948.6286533754817,26,0.08216145758827527,0.241643875262678,0.0,0.8637499809265137,35.208333333333336,107.35260405422044,0.0,448.0,1.937716767191887,0.02303742729903509,-0.0011596580346425374,0.0011231130083615426,0.023501531755609914,0.08216145758827527,0.241643875262678,0.0,0.8637499809265137
18,110591,960.8695221723915,33,0.09578124930461247,0.254700134891346,0.0,0.8637499809265137,46.75,130.27942725797757,0.0,554.0,1.9410817970832188,0.022199987395045657,0.0019886381287506083,0.0005985587667964865,0.021006369087277526,0.09578124930461247,0.254700134891346,0.0,0.8637499809265137
19,116735,958.8917261600194,39,0.1417838546137015,0.2817401684442368,0.0,0.8637499809265137,106.47916666666667,225.23644886941713,0.0,766.0,1.9367472330729167,0.021617287265447278,-0.0029292176671636603,0.0012814728518909153,0.025199006031651195,0.1417838546137015,0.2817401684442368,0.0,0.8637499809265137
20,122879,982.45901856591,45,0.15151041684051356,0.2847206809225811,0.0,0.8637499809265137,124.25,248.57539935936273,0.0,853.0,1.9395100474357605,0.01930969930253923,0.0015970630690086789,0.00033859132539267495,0.014861404825389724,0.15151041684051356,0.2847206809225811,0.0,0.8637499809265137
21,129023,998.6169524985648,52,0.1933854166418314,0.3007228110299786,0.0,0.8637499809265137,190.58333333333334,317.4821407925526,0.0,986.0,1.9373118033011754,0.02519500519459446,-0.0015975809656083584,0.0011246830660335643,0.03742092080155921,0.1933854166418314,0.3007228110299786,0.0,0.8637499809265137
22,135167,976.1549986846239,58,0.23358072899281979,0.3132017564836225,0.0,0.9243749976158142,259.6041666666667,375.2375769420029,0.0,1089.0,1.9363205432891846,0.027481886131378513,-3.994184953626245e-05,0.0007825250540918205,0.023671107915857154,0.23358072899281979,0.3132017564836225,0.0,0.9243749976158142
23,141311,1025.0607493732443,64,0.2717187497764826,0.31882210296494573,0.0,0.9243749976158142,331.9166666666667,417.7597910947816,0.0,1218.0,1.9326596409082413,0.023030308017041534,-0.001057537640008377,0.0012257661813540228,0.02899958461590134,0.2717187497764826,0.31882210296494573,0.0,0.9243749976158142
24,147455,1029.005755887549,70,0.3322916676600774,0.3308478626796178,0.0,0.9693750143051147,435.0,467.97026258798394,0.0,1357.0,1.927940458059311,0.0326965786710692,-0.004032216415604732,0.002224897310952656,0.04071355571276789,0.3322916676600774,0.3308478626796178,0.0,0.9693750143051147
25,153599,1041.4477023779257,76,0.23604166756073633,0.33011808869563963,0.0,0.9693750143051147,1132.3333333333333,466.15829452617874,49.0,1440.0,1.9320280055205028,0.030682498356327415,-0.0027620212276815437,0.0019320014956368443,0.029806760462049203,0.23604166756073633,0.33011808869563963,0.0,0.9693750143051147
26,159743,1022.1606179180528,82,0.253294271727403,0.34338645041137317,0.0,0.9693750143051147,1104.7291666666667,484.98632882722126,49.0,1440.0,1.9304063022136688,0.02495142270345241,-0.005021582401241176,0.0019142659099694963,0.03290192516047392,0.253294271727403,0.34338645041137317,0.0,0.9693750143051147
27,165886,836.1176428103539,7,0.01919270803531011,0.13157857713642784,0.0,0.9212499856948853,2.625,17.99609332605274,0.0,126.0,1.9340181350708008,0.014407238631974906,-0.0014347573458811287,0.0006963206718258638,0.017657739329550698,0.01919270803531011,0.13157857713642784,0.0,0.9212499856948853
28,172030,864.0921211701767,14,0.05567708363135656,0.2157270237835897,0.0,0.9212499856948853,10.916666666666666,43.447206149788535,0.0,224.0,1.930365304152171,0.021385635123200093,-0.0012367063888329237,0.001914570314208201,0.029546217157015775,0.05567708363135656,0.2157270237835897,0.0,0.9212499856948853
29,178174,869.4344980875331,21,0.13951822991172472,0.3127785295566171,0.0,0.9212499856948853,43.4375,103.55491824993152,0.0,384.0,1.9217030853033066,0.045224001087869205,-0.0030366765652919034,0.002925691384007223,0.03684288994602398,0.13951822991172472,0.3127785295566171,0.0,0.9212499856948853
30,184318,864.9840794389705,28,0.24257812524835268,0.3800627999347977,0.0,0.9606249928474426,78.54166666666667,137.56846149180495,0.0,443.0,1.9186440308888753,0.05486934189684689,-0.00619820933692002,0.0038252785695173466,0.043949986512340354,0.24257812524835268,0.3800627999347977,0.0,0.9606249928474426
31,190462,886.2886076207093,35,0.34763020897905034,0.4166167488747292,0.0,0.9700000286102295,110.45833333333333,168.23977907703306,0.0,626.0,1.9027339319388072,0.07890999860440691,-0.0059142554916131,0.004703408068356414,0.04340991872854285,0.34763020897905034,0.4166167488747292,0.0,0.9700000286102295
32,196606,912.2623427344389,42,0.4881770846744378,0.3933287451074261,0.0,0.9793750047683716,218.91666666666666,242.38647113419697,0.0,709.0,1.8985287596782048,0.08848671149462461,-0.004926722625289888,0.004567103261554924,0.041635842843154455,0.4881770846744378,0.3933287451074261,0.0,0.9793750047683716
33,202750,908.8257696846566,49,0.7457812521606684,0.19340764914233674,0.0,0.9793750047683716,373.4166666666667,261.5968457803386,0.0,877.0,1.8914017130931218,0.09611678558091323,-0.01719533937284723,0.006513861657974,0.05267960960527165,0.7457812521606684,0.19340764914233674,0.0,0.9793750047683716
34,208894,884.6119388987668,56,0.7848958329608043,0.1741906174481977,0.4518750011920929,0.9912499785423279,344.1666666666667,278.7049913837609,14.0,877.0,1.8927507052818935,0.09183350950479507,-0.005070631702740987,0.005745817198961352,0.05677369729989865,0.7848958329608043,0.1741906174481977,0.4518750011920929,0.9912499785423279
35,215038,911.010036988986,63,0.8076041657477617,0.18794384250954865,0.29875001311302185,0.9912499785423279,307.8333333333333,300.7101548372157,14.0,1122.0,1.852580611904462,0.13063462482144436,-0.022885635339965422,0.010435929250282546,0.07595724391264855,0.8076041657477617,0.18794384250954865,0.29875001311302185,0.9912499785423279
36,221182,959.1234897830611,69,0.8303255202869574,0.21200313186385425,0.21937499940395355,0.9912499785423279,271.4791666666667,339.20501357238055,14.0,1249.0,1.8320082624753316,0.17622430343180895,-0.02033553532479952,0.012641393734763065,0.09040964855617645,0.8303255202869574,0.21200313186385425,0.21937499940395355,0.9912499785423279
37,227326,972.3848074074779,75,0.8673177085195979,0.207183177938246,0.16500000655651093,0.9881250262260437,212.29166666666666,331.4930842876749,19.0,1336.0,1.8095236817995708,0.2071780078113079,-0.02552265937750538,0.012193786174369356,0.0894132879668078,0.8673177085195979,0.207183177938246,0.16500000655651093,0.9881250262260437
38,233470,975.6969263116797,82,0.6713432785290391,0.4258592066013697,0.0,0.9912499785423279,480.4776119402985,609.9159559967027,14.0,1440.0,1.771452824274699,0.28317213493088883,-0.036169859037424125,0.015587221831083298,0.12059369724134751,0.6713432785290391,0.4258592066013697,0.0,0.9912499785423279
39,239614,945.2757394729796,88,0.9590051064685899,0.030014325127278127,0.8618749976158142,0.9912499785423279,65.59183673469387,48.02291900423828,14.0,221.0,1.7518090109030406,0.32055119921763736,-0.039402701038246356,0.016861348296515644,0.12648841047470363,0.9590051064685899,0.030014325127278127,0.8618749976158142,0.9912499785423279
40,245757,842.949599473226,7,0.32100260506073636,0.454081243346618,0.0,0.981249988079071,19.729166666666668,32.33917875640766,0.0,125.0,1.790107140938441,0.2435612864792347,-0.0009576330194249749,0.012197295300817737,0.12367644461060286,0.32100260506073636,0.454081243346618,0.0,0.981249988079071
41,251901,892.693872917599,14,0.7984505208830038,0.33191688020120963,0.0,0.981249988079071,89.14583333333333,68.8815376762082,0.0,251.0,1.7584899216890335,0.28097493946552277,0.00010143536686276396,0.010235331816753993,0.08179354916144166,0.7984505208830038,0.33191688020120963,0.0,0.981249988079071
42,258045,849.5567246948767,21,0.8871484386424223,0.06539131284724878,0.7737500071525574,0.9831249713897705,180.5625,104.62610139802591,27.0,362.0,1.7663231591383617,0.29501449192563695,-0.023240878091504175,0.012970327050425112,0.08876481670021442,0.8871484386424223,0.06539131284724878,0.7737500071525574,0.9831249713897705
43,264189,892.3039385563901,28,0.8852864565948645,0.08475761514766506,0.6812499761581421,0.984375,183.54166666666666,135.61218577456657,25.0,510.0,1.7550579259792964,0.298196737964948,-0.015131589034960294,0.011869734463592371,0.08742651323625317,0.8852864565948645,0.08475761514766506,0.6812499761581421,0.984375
44,270333,904.7080874462318,35,0.9109948946505176,0.07303002882339851,0.6424999833106995,0.9887499809265137,142.40816326530611,116.84804686348026,18.0,572.0,1.7181916932264965,0.3527427539229393,-0.036362959537655115,0.013878488641542694,0.09072318992927235,0.9109948946505176,0.07303002882339851,0.6424999833106995,0.9887499809265137
45,276477,908.1672335912367,42,0.9192570774060376,0.07752501909048311,0.5799999833106995,0.984375,129.18867924528303,124.04002041395086,25.0,672.0,1.677986666560173,0.4017019607126713,-0.039116453379392624,0.01557453287144502,0.10108278078509807,0.9192570774060376,0.07752501909048311,0.5799999833106995,0.984375
46,282621,892.1628548542459,49,0.9383219194738832,0.056896768339360936,0.6943749785423279,0.9887499809265137,98.68493150684931,91.03482349084337,18.0,489.0,1.6294319033622742,0.4477538727223873,-0.04356362600810826,0.014323362847790122,0.11338324293759568,0.9383219194738832,0.056896768339360936,0.6943749785423279,0.9887499809265137
47,288765,964.4638141424781,55,0.9430105644212642,0.04583275690057209,0.7556250095367432,0.9900000095367432,91.1830985915493,73.33241119207659,16.0,391.0,1.6058574964602788,0.49168121938904125,-0.03999583330005407,0.012898329645395279,0.12295753424848414,0.9430105644212642,0.04583275690057209,0.7556250095367432,0.9900000095367432
48,294909,1025.4692682188418,61,0.9452243577211331,0.04597794772170479,0.7200000286102295,0.9900000095367432,87.64102564102564,73.5647237016971,16.0,448.0,1.5687133818864822,0.525327463944753,-0.0386743003812929,0.012251400194751719,0.09369971735065634,0.9452243577211331,0.04597794772170479,0.7200000286102295,0.9900000095367432
49,301053,1036.1985376340765,67,0.9549175808717917,0.032920491807353854,0.7912499904632568,0.9912499785423279,72.13186813186813,52.67278397080752,14.0,334.0,1.5465717365344365,0.5701260591546694,-0.03658006379070381,0.011347520009924969,0.11006857494112694,0.9549175808717917,0.032920491807353854,0.7912499904632568,0.9912499785423279
50,307197,1020.5331800158993,73,0.9594285709517343,0.03169552545891058,0.7662500143051147,0.9900000095367432,64.91428571428571,50.712845049959725,16.0,374.0,1.5092740406592686,0.6179304743806521,-0.03793132281862199,0.009527726952607432,0.09908467971929058,0.9594285709517343,0.03169552545891058,0.7662500143051147,0.9900000095367432
51,313341,970.081428585088,79,0.9660416658108051,0.019627781270569578,0.8849999904632568,0.9918749928474426,54.333333333333336,31.404447395859652,13.0,184.0,1.4531953980525334,0.6741523320476214,-0.03486464102752507,0.007672273068844031,0.09071957960739707,0.9660416658108051,0.019627781270569578,0.8849999904632568,0.9918749928474426
52,319485,1033.5504491366378,85,0.9682991851548679,0.015979835495978947,0.893750011920929,0.9912499785423279,50.721311475409834,25.56773783407839,14.0,170.0,1.42961282034715,0.6901854028304418,-0.02850677592990299,0.00610394129762426,0.08571459173359826,0.9682991851548679,0.015979835495978947,0.893750011920929,0.9912499785423279
53,325628,853.6950860181371,7,0.9732425187388037,0.012867445037792028,0.9268749952316284,0.9893749952316284,42.81196581196581,20.587910992656983,17.0,117.0,1.3916403253873189,0.7074537848432859,-0.0264705919350187,0.005716434582912673,0.07772509732518039,0.9732425187388037,0.012867445037792028,0.9268749952316284,0.9893749952316284
54,331772,897.0255484011103,14,0.9728467177300557,0.013271992465747002,0.9112499952316284,0.9912499785423279,43.44525547445255,21.235186234732765,14.0,142.0,1.3899054725964863,0.742470920085907,-0.014879385979535678,0.004791855229996145,0.06672784911567779,0.9728467177300557,0.013271992465747002,0.9112499952316284,0.9912499785423279
55,337916,931.0530216152271,21,0.9714855072291001,0.013469889014286657,0.9225000143051147,0.9931250214576721,45.6231884057971,21.55182594186097,11.0,124.0,1.4339378078778584,0.7557998349269232,-0.006992917920191151,0.003466980531811714,0.06463170425691221,0.9714855072291001,0.013469889014286657,0.9225000143051147,0.9931250214576721
56,344060,897.5106367661815,27,0.9726906038345174,0.013678681630913871,0.9012500047683716,0.9931250214576721,43.695035460992905,21.885888216221133,11.0,158.0,1.4199721664190292,0.7523869300882021,-0.002117619825488267,0.0036180051683913916,0.056854690211956216,0.9726906038345174,0.013678681630913871,0.9012500047683716,0.9931250214576721
57,350204,960.5042195789747,34,0.9732834499486736,0.013184060976398257,0.9043750166893005,0.9893749952316284,42.74647887323944,21.094501192476983,17.0,153.0,1.4183080345392227,0.7660136222839355,-0.0023865862155313757,0.0034926904966899506,0.059254205043272,0.9732834499486736,0.013184060976398257,0.9043750166893005,0.9893749952316284
58,356348,1032.2547734736302,40,0.9732284447242474,0.0124918114877699,0.8999999761581421,0.9912499785423279,42.83448275862069,19.98689701576181,14.0,160.0,1.4492590924104054,0.7735195631782213,0.0015725278644822538,0.003441405230357001,0.05801534774700254,0.9732284447242474,0.0124918114877699,0.8999999761581421,0.9912499785423279
59,362492,1005.14961830352,46,0.9702211535893954,0.015471333931181101,0.8637499809265137,0.9893749952316284,47.646153846153844,24.754133000202533,17.0,218.0,1.4772590150435765,0.7588841418425242,0.005458425158091511,0.0035562528452525535,0.05844939179170409,0.9702211535893954,0.015471333931181101,0.8637499809265137,0.9893749952316284
60,368636,1031.810093605948,52,0.9724553559507643,0.013157409702739003,0.9237499833106995,0.9906250238418579,44.07142857142857,21.051855315978635,15.0,122.0,1.456602116425832,0.7583633412917455,0.0003224273338370646,0.003219548612833023,0.05415423483335204,0.9724553559507643,0.013157409702739003,0.9237499833106995,0.9906250238418579
61,374780,956.1979623143818,58,0.9735937505960465,0.010998965209820022,0.9300000071525574,0.9918749928474426,42.25,17.59834610735582,13.0,112.0,1.4507722904284794,0.7663607473174731,0.0014077519978551816,0.0033165805119400225,0.05576246631194414,0.9735937505960465,0.010998965209820022,0.9300000071525574,0.9918749928474426
62,380924,1054.6960782728784,64,0.9719285709517342,0.011740423393327877,0.9181249737739563,0.9906250238418579,44.91428571428571,18.784676777433596,15.0,131.0,1.4377270589272182,0.7585816830396652,-0.0016946679752436467,0.0032109628761342415,0.06239917908132183,0.9719285709517342,0.011740423393327877,0.9181249737739563,0.9906250238418579
63,387068,1031.532172220351,70,0.9722341423604026,0.013102630371083078,0.9256250262260437,0.9893749952316284,44.42537313432836,20.964211460825414,17.0,119.0,1.4598188797632854,0.7586337079604467,-0.0005979639111804621,0.0033611325973955295,0.05656537465423586,0.9722341423604026,0.013102630371083078,0.9256250262260437,0.9893749952316284
64,393212,1088.053628067927,76,0.973867187069522,0.011795457097821935,0.9075000286102295,0.9912499785423279,41.8125,18.872734871442923,14.0,148.0,1.4423352628946304,0.7534499193231264,-0.0018287065092105574,0.0035285222790359208,0.05285314589272492,0.973867187069522,0.011795457097821935,0.9075000286102295,0.9912499785423279
65,399356,1038.4200524508874,82,0.9707894742040706,0.01866520536603904,0.8299999833106995,0.9900000095367432,46.73684210526316,29.864328493095073,16.0,272.0,1.4183423419793446,0.7532812183101972,-0.0004362295239843661,0.0037095762866859636,0.05906807466342043,0.9707894742040706,0.01866520536603904,0.8299999833106995,0.9900000095367432
66,405499,843.6162472101853,7,0.9755281043607135,0.009649080807837792,0.9456250071525574,0.9900000095367432,39.15503875968992,15.43852505928755,16.0,87.0,1.399540568391482,0.7575630893309911,-0.011834294059857106,0.0031857571157161146,0.05906287738291991,0.9755281043607135,0.009649080807837792,0.9456250071525574,0.9900000095367432
67,411643,871.8313207025654,14,0.9733593728807237,0.013432224604912977,0.9012500047683716,0.9912499785423279,42.625,21.491560035925215,14.0,158.0,1.4187842160463333,0.763492651283741,-0.0047816136793699116,0.0035095406152928867,0.05598826785944366,0.9733593728807237,0.013432224604912977,0.9012500047683716,0.9912499785423279
68,417787,880.072335734887,21,0.975258061962743,0.009058721483702426,0.9449999928474426,0.9918749928474426,39.58709677419355,14.493952953436866,13.0,88.0,1.4121776471535366,0.777379165093104,-0.0054566437102039345,0.002977040276164189,0.052695197213968335,0.975258061962743,0.009058721483702426,0.9449999928474426,0.9918749928474426
69,423931,856.24804255954,28,0.971765872504976,0.014943484543108192,0.8756250143051147,0.9900000095367432,45.17460317460318,23.90957813157378,16.0,199.0,1.4650272975365322,0.7608607287208239,0.011421459203120321,0.003381069157815849,0.056590550962214665,0.971765872504976,0.014943484543108192,0.8756250143051147,0.9900000095367432
70,430075,897.02267573633,35,0.9723362059428774,0.014013927988938373,0.8981249928474426,0.9918749928474426,44.262068965517244,22.42228592414719,13.0,163.0,1.4239213069279988,0.7623866945505142,-0.0006054349541955162,0.0032898111967369914,0.05653590759233649,0.9723362059428774,0.014013927988938373,0.8981249928474426,0.9918749928474426
71,436219,933.2270347899331,42,0.9736954721828435,0.012346994604941854,0.9043750166893005,0.9937499761581421,42.08724832214765,19.755190596790438,10.0,153.0,1.4354613572359085,0.7809066946307818,-0.00029964653246376355,0.0030619482276961207,0.05615990868921202,0.9736954721828435,0.012346994604941854,0.9043750166893005,0.9937499761581421
72,442363,970.1024633261209,48,0.973644424934645,0.010942054208854348,0.9068750143051147,0.9912499785423279,42.16891891891892,17.5072913433979,14.0,149.0,1.4401961068312328,0.778320237994194,-0.0004652698165349041,0.0026962348298790553,0.04599803343948291,0.973644424934645,0.010942054208854348,0.9068750143051147,0.9912499785423279
73,448507,974.9199563056994,54,0.9733967400979304,0.010757365579920733,0.9231250286102295,0.9893749952316284,42.56521739130435,17.211790920525136,17.0,123.0,1.4707123686869938,0.7632160931825638,0.003341269798208183,0.002732732711592689,0.04614801532506868,0.9733967400979304,0.010757365579920733,0.9231250286102295,0.9893749952316284
74,454651,940.0871298501861,61,0.972633928486279,0.010735450451565178,0.9331250190734863,0.9900000095367432,43.785714285714285,17.176722502222805,16.0,107.0,1.4460454682509105,0.7619960730274519,0.004592091485392302,0.0030384620476979762,0.04934341751190032,0.972633928486279,0.010735450451565178,0.9331250190734863,0.9900000095367432
75,460795,1009.597667212214,67,0.9727053544351033,0.013580827370721188,0.890625,0.9900000095367432,43.67142857142857,21.729322800946996,16.0,175.0,1.4674976368745167,0.7715028201540312,-0.0028320709000884867,0.0027634647170392177,0.04682595474411936,0.9727053544351033,0.013580827370721188,0.890625,0.9900000095367432
76,466939,1031.5318418931847,73,0.9724456534005593,0.011225184789563348,0.9206249713897705,0.9900000095367432,44.08695652173913,17.960293669877853,16.0,127.0,1.4709961861371994,0.7703171322743098,0.007857002055970952,0.002786533431693291,0.04847983409085832,0.9724456534005593,0.011225184789563348,0.9206249713897705,0.9900000095367432
77,473083,1032.5241069770434,79,0.9716090433141018,0.015437480024178317,0.8912500143051147,0.9906250238418579,45.42553191489362,24.699968140374317,15.0,174.0,1.4656227678060532,0.7673340712984403,-0.0005874135664877637,0.002628693104876826,0.04859130188240063,0.9716090433141018,0.015437480024178317,0.8912500143051147,0.9906250238418579
78,479227,1021.2980418868548,85,0.9739146961553676,0.009800950162036536,0.9356250166893005,0.9893749952316284,41.736486486486484,15.681527041647618,17.0,103.0,1.4425303488969803,0.7792235463857651,0.0027940289097993323,0.0025517907342873514,0.045881213077312764,0.9739146961553676,0.009800950162036536,0.9356250166893005,0.9893749952316284
79,485370,848.904512042545,7,0.9700829076523684,0.013774800604605227,0.9225000143051147,0.9893749952316284,47.86734693877551,22.039684872697176,17.0,124.0,1.5160871148109436,0.730641225973765,0.02097761204155783,0.003179386529761056,0.05618540276440346,0.9700829076523684,0.013774800604605227,0.9225000143051147,0.9893749952316284
80,491514,883.2466769090244,14,0.9642105259393391,0.021420025881462534,0.8881250023841858,0.9893749952316284,57.26315789473684,34.272041859007984,17.0,179.0,1.5475591868162155,0.7163951347271601,0.026810712879523635,0.004759041495465984,0.06758979562619656,0.9642105259393391,0.021420025881462534,0.8881250023841858,0.9893749952316284
81,497658,888.9848445730805,21,0.9590425510355767,0.026213199862667423,0.8374999761581421,0.9912499785423279,65.53191489361703,41.9411193469829,14.0,260.0,1.5742575476566951,0.6884541933735212,0.0243475460447371,0.00457021229279538,0.06884865873381556,0.9590425510355767,0.026213199862667423,0.8374999761581421,0.9912499785423279
82,503802,818.391631800864,29,0.9566340389021908,0.029399075116773324,0.84375,0.9881250262260437,69.3855421686747,47.038520826802404,19.0,250.0,1.5789073159297307,0.661167340974013,0.014758714765775949,0.00530307359683017,0.06628255859207927,0.9566340389021908,0.029399075116773324,0.84375,0.9881250262260437
83,509946,904.4751424857532,35,0.9535863122769764,0.029382141026393475,0.8412500023841858,0.9862499833106995,74.26190476190476,47.01142694110177,22.0,254.0,1.5690205693244934,0.6545859078566233,0.009881308714587552,0.005411401294016589,0.06433032693414481,0.9535863122769764,0.029382141026393475,0.8412500023841858,0.9862499833106995
84,516090,939.8287914311469,42,0.9571911783779369,0.0274385419092788,0.8349999785423279,0.9906250238418579,68.49411764705883,43.90166110468789,15.0,264.0,1.5726400514443715,0.6418473720550537,0.016424058373862255,0.006384731930059691,0.0669228270183206,0.9571911783779369,0.0274385419092788,0.8349999785423279,0.9906250238418579
85,522234,945.2884650599354,48,0.9538008737009626,0.03449479629033914,0.7912499904632568,0.9868749976158142,73.9186046511628,55.19167764956898,21.0,334.0,1.5820975850025814,0.6321784208218256,0.001996400736970827,0.006340162867369751,0.06220746823877263,0.9538008737009626,0.03449479629033914,0.7912499904632568,0.9868749976158142
86,528378,974.3532090928377,55,0.9568117087400412,0.03224961413169724,0.778124988079071,0.9850000143051147,69.10126582278481,51.599380561660425,24.0,355.0,1.5744135081768036,0.6217949042717615,0.01061869643550987,0.006968772135830174,0.0706008677620158,0.9568117087400412,0.03224961413169724,0.778124988079071,0.9850000143051147
87,534522,915.3208066151097,61,0.9537689402849987,0.035032279158580204,0.8412500023841858,0.9912499785423279,73.96969696969697,56.05164547552759,14.0,254.0,1.542722110946973,0.652308002114296,-0.011549959158098014,0.007252423286748429,0.07452607194920473,0.9537689402849987,0.035032279158580204,0.8412500023841858,0.9912499785423279
88,540666,1009.1620146175705,67,0.958894228542244,0.034649324872822185,0.7318750023841858,0.9887499809265137,65.76923076923077,55.438923312863885,18.0,429.0,1.557850976785024,0.6358056714137396,-9.447125194128603e-06,0.006737720686942339,0.06847364362022111,0.958894228542244,0.034649324872822185,0.7318750023841858,0.9887499809265137
89,546810,957.3995128185143,74,0.9594348390051659,0.024481504282653714,0.8812500238418579,0.9881250262260437,64.90425531914893,39.170404902044744,19.0,190.0,1.5238911161820095,0.6493475139141083,-0.00625736678193789,0.0069360870208280785,0.07973368077364551,0.9594348390051659,0.024481504282653714,0.8812500238418579,0.9881250262260437
90,552954,1009.7036423191059,80,0.9605769228476745,0.02762886367415794,0.8268749713897705,0.9887499809265137,63.07692307692308,44.206180456272676,18.0,277.0,1.511412983139356,0.6643894240260124,-0.014716513668342182,0.007042289633924763,0.07558234778333088,0.9605769228476745,0.02762886367415794,0.8268749713897705,0.9887499809265137
91,559098,1023.4241521360776,86,0.9627539062251648,0.026482351739704202,0.8212500214576721,0.9906250238418579,59.59375,42.37176195224244,15.0,286.0,1.5153652727603912,0.6669788087407748,-0.0010506912949495018,0.005074701136133323,0.0607457721121141,0.9627539062251648,0.026482351739704202,0.8212500214576721,0.9906250238418579
92,565241,845.0854097303356,7,0.9745797246206002,0.009539512454877325,0.9426751732826233,0.9898089170455933,39.90983606557377,14.97703383838323,16.0,90.0,1.4195818901062012,0.7133047729730606,-0.039435326820239425,0.0049642486944018556,0.06687141864584485,0.9745797246206002,0.009539512454877325,0.9426751732826233,0.9898089170455933
93,571385,884.5800856061728,14,0.9741517893629137,0.010095565045572972,0.9363057613372803,0.9898089170455933,40.58169934640523,15.850038402908043,16.0,100.0,1.3934204081694286,0.7488945772250494,-0.03253868781030178,0.0035345800279174,0.07159975337507635,0.9741517893629137,0.010095565045572972,0.9363057613372803,0.9898089170455933
94,577529,905.9251533493015,21,0.9747770756483078,0.010092125906282248,0.9222930073738098,0.9923567175865173,39.6,15.844636316432132,12.0,122.0,1.377469355861346,0.7834429865082105,-0.020264464896172285,0.0026366967164600887,0.05868359432839909,0.9747770756483078,0.010092125906282248,0.9222930073738098,0.9923567175865173
95,583673,877.5173831490044,28,0.9757115248637863,0.008993492669193422,0.9452229142189026,0.9917197227478027,38.13291139240506,14.11978790602522,13.0,86.0,1.386165166894595,0.7862816055615743,-0.003653647559985984,0.0024223660390513637,0.04606711742284919,0.9757115248637863,0.008993492669193422,0.9452229142189026,0.9917197227478027
96,589817,960.329187700657,34,0.9748590224108119,0.011743003519522784,0.9159235954284668,0.9910827875137329,39.47133757961783,18.436518907349942,14.0,132.0,1.3863736987113953,0.7853965784112612,-0.0024521909993685163,0.002625767500527824,0.04608429857317587,0.9748590224108119,0.011743003519522784,0.9159235954284668,0.9910827875137329
97,595961,1015.4912168207293,40,0.9761690253891596,0.010021676059334959,0.9070063829421997,0.9917197227478027,37.41463414634146,15.734032726601306,13.0,146.0,1.3856382767359416,0.8002906342347463,-0.003198078969338288,0.00220801068644505,0.04163328999836997,0.9761690253891596,0.010021676059334959,0.9070063829421997,0.9917197227478027
98,602105,1018.2856079347695,46,0.9764748304372742,0.00867231192603187,0.9401273727416992,0.9910827875137329,36.93452380952381,13.615528547595405,14.0,94.0,1.4295320808887482,0.8061095029115677,0.00243451649294002,0.0020465626245519766,0.04443386704508654,0.9764748304372742,0.00867231192603187,0.9401273727416992,0.9910827875137329
99,608249,1006.0000445032512,53,0.9754188839037707,0.009444912729272113,0.9171974658966064,0.9910827875137329,38.59235668789809,14.828512479143392,14.0,130.0,1.4352841923634212,0.7953725581367811,0.010269267989012102,0.002135917413397692,0.043804972920006756,0.9754188839037707,0.009444912729272113,0.9171974658966064,0.9910827875137329
100,614393,918.8332396249406,59,0.9734900079924484,0.011062074117877218,0.9286624193191528,0.9898089170455933,41.62068965517241,17.367456274751643,16.0,112.0,1.4532454758882523,0.7836120227972666,0.004448867136185679,0.002287321452361842,0.04295869429234158,0.9734900079924484,0.011062074117877218,0.9286624193191528,0.9898089170455933
101,620537,1015.5593298061327,65,0.9738207987031421,0.010625565761507862,0.9312102198600769,0.9910827875137329,41.101351351351354,16.682139609703345,14.0,108.0,1.446863700946172,0.7749070723851522,0.0030041911134806774,0.0025935119192581624,0.04610643192456063,0.9738207987031421,0.010625565761507862,0.9312102198600769,0.9910827875137329
102,626681,1061.2947819152346,71,0.9735310306612229,0.010893365987508634,0.9273885488510132,0.9898089170455933,41.556291390728475,17.102587140794487,16.0,114.0,1.4192863653103511,0.7743261257807413,-0.005239851171306024,0.0025896655133692548,0.04269496080905988,0.9735310306612229,0.010893365987508634,0.9273885488510132,0.9898089170455933
103,632825,1085.538598099421,77,0.9738398573615334,0.015214434896707861,0.8554140329360962,0.9917197227478027,41.07142857142857,23.886666155767863,13.0,227.0,1.4301843891541164,0.7824007123708725,-0.0048011713491481105,0.0025178401556331664,0.04179754913837085,0.9738398573615334,0.015214434896707861,0.8554140329360962,0.9917197227478027
104,638969,1049.341571874337,83,0.9740790205227362,0.010679585162507294,0.9305732250213623,0.9910827875137329,40.695945945945944,16.766947369905658,14.0,109.0,1.4368026653925579,0.777573694785436,0.0030147469272681824,0.002564271145577853,0.04279993602807042,0.9740790205227362,0.010679585162507294,0.9305732250213623,0.9910827875137329
105,645112,761.4052183335009,8,0.9745503238929335,0.009934194803729623,0.9267973899841309,0.9895424842834473,38.93798449612403,15.199322678699616,16.0,112.0,1.4518202741940816,0.7685702194770178,-0.0018776300130411983,0.0027644790534395725,0.04712430978927277,0.9745503238929335,0.009934194803729623,0.9267973899841309,0.9895424842834473
106,651256,884.0131530632575,15,0.9725534830191364,0.011036464742566645,0.9189542531967163,0.9895424842834473,41.99315068493151,16.885795512003114,16.0,124.0,1.4580880552530289,0.776873454451561,0.002432638459140435,0.0027198363774611303,0.04558920525784072,0.9725534830191364,0.011036464742566645,0.9189542531967163,0.9895424842834473
107,657400,894.0799271907389,22,0.9736068001703212,0.010775953318291443,0.9254902005195618,0.9908496737480164,40.38157894736842,16.48720964012563,14.0,114.0,1.4546973605950673,0.7820917069911957,0.002354298342349163,0.0026137896347790956,0.043572251176624666,0.9736068001703212,0.010775953318291443,0.9254902005195618,0.9908496737480164
108,663544,896.9415929950173,29,0.9715114798579183,0.01765193560118054,0.8091503381729126,0.9921568632125854,43.58741258741259,27.007465601207397,12.0,292.0,1.4486753543217976,0.7740127419432005,0.000293575954856351,0.0027624554641079158,0.041212691516649434,0.9715114798579183,0.01765193560118054,0.8091503381729126,0.9921568632125854
109,669688,814.9600021732432,36,0.9732372287093409,0.009066399737855318,0.9431372284889221,0.9882352948188782,40.94701986754967,13.871590902458456,18.0,87.0,1.4730862776438396,0.7854958176612854,0.0054572487764138105,0.0024663490088035664,0.041583543697015876,0.9732372287093409,0.009066399737855318,0.9431372284889221,0.9882352948188782
110,675832,924.7841113630851,43,0.97258077810208,0.010708214800711357,0.9300653338432312,0.9908496737480164,41.951388888888886,16.383566402678863,14.0,107.0,1.514293963710467,0.7768374308943748,0.003980978168935205,0.002457587863318622,0.04040841721902442,0.97258077810208,0.010708214800711357,0.9300653338432312,0.9908496737480164
111,681976,954.4421611979529,49,0.9715165180572565,0.01247321990883652,0.913071870803833,0.9895424842834473,43.57971014492754,19.084029135167608,16.0,133.0,1.496991142630577,0.7697903712590536,0.004461729782633483,0.0028241623755699643,0.045859148004904336,0.9715165180572565,0.01247321990883652,0.913071870803833,0.9895424842834473
112,688120,981.9833744414188,56,0.9708076763327105,0.01231537203344409,0.8960784077644348,0.9888888597488403,44.66423357664234,18.842519618683653,17.0,159.0,1.4926265229781468,0.7539728532234827,0.0001383126091241138,0.0028957067988812923,0.04296461066981239,0.9708076763327105,0.01231537203344409,0.8960784077644348,0.9888888597488403
113,694264,935.7401528939156,62,0.9703804915265519,0.012635985199356508,0.9169934391975403,0.9915032386779785,45.31782945736434,19.33305980672214,13.0,127.0,1.4787389039993286,0.747522364060084,0.002152153021597769,0.003144970901000003,0.046697431906057456,0.9703804915265519,0.012635985199356508,0.9169934391975403,0.9915032386779785
114,700408,961.4636960184579,69,0.970275235847688,0.014818773428757613,0.8947712182998657,0.9908496737480164,45.478873239436616,22.67272305130984,14.0,161.0,1.454402859012286,0.7601901193459829,-0.0045592263486469164,0.0030837673014805964,0.04572800175461925,0.970275235847688,0.014818773428757613,0.8947712182998657,0.9908496737480164
115,706552,1016.038820311989,75,0.9727244685160233,0.01259074677065073,0.9254902005195618,0.9915032386779785,41.73154362416108,19.263844798200875,13.0,114.0,1.4497717320919037,0.7725492442647616,-0.0016587345550457637,0.0033003680291585624,0.048829004173037455,0.9727244685160233,0.01259074677065073,0.9254902005195618,0.9915032386779785
116,712696,1022.7986522768874,81,0.9709636911432794,0.014100630950466634,0.9026143550872803,0.9895424842834473,44.42553191489362,21.57396449116394,16.0,149.0,1.4656725029150646,0.7587822874387106,-0.0008885369461495429,0.002938168744246165,0.04385261166086781,0.9709636911432794,0.014100630950466634,0.9026143550872803,0.9895424842834473
117,718840,1022.1157781608725,87,0.9728060881296794,0.012174160802259453,0.9209150075912476,0.9882352948188782,41.60666666666667,18.62646742914203,18.0,121.0,1.4214435468117397,0.7722839390238126,-0.006727062223944813,0.0026160162524320185,0.04527504076356507,0.9728060881296794,0.012174160802259453,0.9209150075912476,0.9882352948188782
118,724983,845.3226754728726,7,0.9693034476446873,0.013989770776811456,0.918120801448822,0.9879194498062134,45.737864077669904,20.84476193896694,18.0,122.0,1.4697655389706294,0.7339195410410563,0.014390395721420646,0.003353873393886412,0.04744548431036553,0.9693034476446873,0.013989770776811456,0.918120801448822,0.9879194498062134
119,731127,883.6724270980127,14,0.9652564727834293,0.01968395741626217,0.881208062171936,0.9892617464065552,51.767857142857146,29.3291000491641,16.0,177.0,1.5173078229029973,0.7204349761207899,0.00904408652180185,0.0038324092262579748,0.052172173343198215,0.9652564727834293,0.01968395741626217,0.881208062171936,0.9892617464065552
120,737271,789.8159787088265,22,0.9642904669314891,0.017406383753265586,0.8879194855690002,0.990604043006897,53.207207207207205,25.93551154049164,14.0,167.0,1.5421074728171031,0.7235395858685175,0.015065506003641834,0.004122362734051421,0.05438397768789512,0.9642904669314891,0.017406383753265586,0.8879194855690002,0.990604043006897
121,743415,887.1204407531569,29,0.9572007829944292,0.03151214371014609,0.7255033850669861,0.9872483015060425,63.770833333333336,46.95309697956272,19.0,409.0,1.5552896459897358,0.7046308567126592,0.024745623813942075,0.004427983522570382,0.05431072286343124,0.9572007829944292,0.03151214371014609,0.7255033850669861,0.9872483015060425
122,749559,887.2052555175757,36,0.963195906934284,0.019350712400184406,0.9053691029548645,0.9879194498062134,54.838095238095235,28.83256221689168,18.0,141.0,1.5285447090864182,0.7001909365256628,0.008672946840912724,0.004607808543369174,0.05178547423546395,0.963195906934284,0.019350712400184406,0.9053691029548645,0.9879194498062134
123,755703,929.7493361550015,42,0.9567968270995401,0.03722567877316305,0.7026845812797546,0.9865771532058716,64.37272727272727,55.46626478252903,20.0,443.0,1.5297183841466904,0.6960656866431236,0.002208828320969284,0.005008904243974636,0.05513669307422292,0.9567968270995401,0.03722567877316305,0.7026845812797546,0.9865771532058716
124,761847,875.3202535194035,49,0.9641976827924902,0.021218985427009257,0.8892617225646973,0.9892617464065552,53.345454545454544,31.616289346887555,16.0,165.0,1.4932465354601543,0.6989873920877775,-0.006336454302072525,0.0049572872230783105,0.05688563377611546,0.9641976827924902,0.021218985427009257,0.8892617225646973,0.9892617464065552
125,767991,976.1092978016237,56,0.961818908230733,0.025168094620516883,0.7711409330368042,0.9885905981063843,56.889830508474574,37.50045963521818,17.0,341.0,1.4712612976630528,0.6985430593291918,-0.009184756801308444,0.004944558488205075,0.05003099319141458,0.961818908230733,0.025168094620516883,0.7711409330368042,0.9885905981063843
126,774135,1026.6344048962985,62,0.9668384497719151,0.015270315291518868,0.8946308493614197,0.990604043006897,49.410714285714285,22.7527681092357,14.0,157.0,1.4770430674155552,0.7008730818827947,-0.005325109207963881,0.004995228412250678,0.05953661359776066,0.9668384497719151,0.015270315291518868,0.8946308493614197,0.990604043006897
127,780279,1030.680837509549,68,0.9660215387048647,0.019142287571397777,0.8516778349876404,0.9879194498062134,50.627906976744185,28.52200830297119,18.0,221.0,1.453955501317978,0.7174447700381279,-0.011413616050655643,0.004471381922485307,0.04909645333340315,0.9660215387048647,0.019142287571397777,0.8516778349876404,0.9879194498062134
128,786423,1014.2829913601875,74,0.9670402079547217,0.0175435055916935,0.899328887462616,0.990604043006897,49.11009174311926,26.139828463508998,14.0,150.0,1.466699759165446,0.7044755717118582,0.0009279891164624132,0.005039634648710489,0.05577998044908863,0.9670402079547217,0.0175435055916935,0.899328887462616,0.990604043006897
129,792567,935.5862233316867,80,0.966594502810509,0.023876119236847636,0.8201342225074768,0.9899328947067261,49.774193548387096,35.57541709901643,15.0,268.0,1.4568119446436565,0.7241868724425634,0.00012843158037867397,0.005100544445061435,0.05922855272770982,0.966594502810509,0.023876119236847636,0.8201342225074768,0.9899328947067261
130,798711,998.5258273946039,86,0.9644839441454088,0.029785126231707832,0.7483221292495728,0.9899328947067261,52.91891891891892,44.3798377918945,15.0,375.0,1.4934746672709782,0.722489982843399,0.010075113207373457,0.005171226667395483,0.06121747901486594,0.9644839441454088,0.029785126231707832,0.7483221292495728,0.9899328947067261
131,804854,845.7575231147587,7,0.9729676903702142,0.009650147653303366,0.9386206865310669,0.9889655113220215,39.196850393700785,13.992708658147327,16.0,89.0,1.459707722067833,0.7379989475011826,-0.01325921268047144,0.0036676172458101064,0.05198507392184757,0.9729676903702142,0.009650147653303366,0.9386206865310669,0.9889655113220215
132,810998,890.445723689098,14,0.9698948399394962,0.012674364311281053,0.9234482645988464,0.9889655113220215,43.652482269503544,18.377825759701306,16.0,111.0,1.4121208141247432,0.7630521630247434,-0.008647697669706153,0.0031937000167090446,0.04832579785296395,0.9698948399394962,0.012674364311281053,0.9234482645988464,0.9889655113220215
133,817142,818.4564827312784,22,0.971034482717514,0.011203023195538517,0.9241379499435425,0.9910345077514648,42.0,16.24438364481706,13.0,110.0,1.4100894629955292,0.774838998913765,-0.007951724847468237,0.002376966357890827,0.038026023256210545,0.971034482717514,0.011203023195538517,0.9241379499435425,0.9910345077514648
134,823286,896.0842688652994,28,0.9726215734695777,0.010324894566402062,0.9275861978530884,0.9882758855819702,39.69871794871795,14.971091747094942,17.0,105.0,1.3852727264165878,0.7867298945784569,-0.0013061307909083553,0.0023944280304325125,0.03861837995876811,0.9726215734695777,0.010324894566402062,0.9275861978530884,0.9882758855819702
135,829430,952.2674883205,35,0.9742584138749594,0.009609134868917839,0.934482753276825,0.9917241334915161,37.325301204819276,13.933238782909193,12.0,95.0,1.3929369002580643,0.7941817293564478,-0.004091102629899979,0.002339332791355749,0.042400553705295864,0.9742584138749594,0.009609134868917839,0.934482753276825,0.9917241334915161
136,835574,944.6014270664642,41,0.9751558985538825,0.009184716440204263,0.9386206865310669,0.9910345077514648,36.02395209580838,13.317833748706441,13.0,89.0,1.4123678753773372,0.801664280394713,-0.0028010997411911376,0.0020745091751450673,0.036941814211299,0.9751558985538825,0.009184716440204263,0.9386206865310669,0.9910345077514648
137,841718,876.3488768383105,48,0.9737184267894478,0.010573101231239654,0.9027585983276367,0.9896551966667175,38.10828025477707,15.330989230980437,15.0,141.0,1.4447927276293437,0.7993821650743484,0.006633620835297431,0.0022441121206308403,0.04020133439349304,0.9737184267894478,0.010573101231239654,0.9027585983276367,0.9896551966667175
138,847862,952.3279820371172,55,0.9713246160540088,0.009524743917269039,0.9372413754463196,0.9868965744972229,41.57931034482758,13.810874758440946,19.0,91.0,1.4806476384401321,0.7813457200924555,0.00941301581527417,0.002189442719100043,0.03852144558371611,0.9713246160540088,0.009524743917269039,0.9372413754463196,0.9868965744972229
139,854006,983.4937343301006,61,0.9698226605142866,0.01734214449102532,0.8199999928474426,0.9896551966667175,43.75714285714286,25.14610774441797,15.0,261.0,1.4989785303672154,0.7586569041013718,0.006983669435915847,0.003079769560523952,0.04273038195640966,0.9698226605142866,0.01734214449102532,0.8199999928474426,0.9896551966667175
140,860150,1038.5334625525436,67,0.9705665034907205,0.012452124918157765,0.9117241501808167,0.9882758855819702,42.67857142857143,18.055576050921562,17.0,128.0,1.457693412899971,0.7654365251461664,0.00017910927029637,0.003254357861199727,0.04141024826567637,0.9705665034907205,0.012452124918157765,0.9117241501808167,0.9882758855819702
141,866294,1057.4744304675107,73,0.9686302687558863,0.014697369588982006,0.8931034207344055,0.9889655113220215,45.486111111111114,21.311181895085785,16.0,155.0,1.4713852753241856,0.7681286633014679,0.000585535257414449,0.002550040245599424,0.03976086916792055,0.9686302687558863,0.014697369588982006,0.8931034207344055,0.9889655113220215
142,872438,926.7282426951807,80,0.9719804279707573,0.01000988897648455,0.9241379499435425,0.9875862002372742,40.62837837837838,14.514336065573145,18.0,110.0,1.4568200707435608,0.7827150126298269,-0.0011454378691269085,0.002308421399599562,0.03447321760217372,0.9719804279707573,0.01000988897648455,0.9241379499435425,0.9875862002372742
143,878582,1012.4670641602553,86,0.9681825261366995,0.013669603240106907,0.9165517091751099,0.9882758855819702,46.13533834586466,19.82092080548357,17.0,121.0,1.473475416501363,0.7662924180428187,0.009685650642495602,0.002202994262916036,0.03758511197845849,0.9681825261366995,0.013669603240106907,0.9165517091751099,0.9882758855819702
144,964596,957.0470441783633,6,0.965596822254798,0.014574317836434375,0.9080291986465454,0.9846715331077576,47.13235294117647,19.966813946384892,21.0,126.0,1.606011226773262,0.6858004530270895,0.03750633828652402,0.0034286474789648005,0.05203095158738013,0.965596822254798,0.014574317836434375,0.9080291986465454,0.9846715331077576
145,970740,1036.5298829375988,12,0.9452109671220547,0.04078254912437638,0.8160583972930908,0.9875912666320801,75.0609756097561,55.872098617523164,17.0,252.0,1.5909796456495922,0.6722598969936371,0.03266028074237207,0.00473478368561094,0.05876560961090355,0.9452109671220547,0.04078254912437638,0.8160583972930908,0.9875912666320801
146,976884,1031.2955882943818,18,0.9492284949821762,0.032993651736496016,0.7686131596565247,0.985401451587677,69.55696202531645,45.201306925051796,20.0,317.0,1.6041257431109746,0.6509415879845619,0.022446395286048453,0.005205707217101008,0.05339619307637102,0.9492284949821762,0.032993651736496016,0.7686131596565247,0.985401451587677
147,983028,1098.8695363285326,24,0.9443990270296733,0.05377369679614279,0.6372262835502625,0.9875912666320801,76.17333333333333,73.6699619172488,17.0,497.0,1.6167075981696446,0.6115842560927073,0.024567413221423823,0.005490282375831157,0.053666870266751966,0.9443990270296733,0.05377369679614279,0.6372262835502625,0.9875912666320801
148,989172,1119.5456068209303,29,0.9473013265032164,0.058076219164164895,0.5934306383132935,0.985401451587677,72.19718309859155,79.5644162304559,20.0,557.0,1.6117349167664845,0.6105116605758667,0.019830801873467863,0.006270850892178714,0.05615682460123569,0.9473013265032164,0.058076219164164895,0.5934306383132935,0.985401451587677
149,995316,1089.751591664728,35,0.9365977280669742,0.06432628242733023,0.659853994846344,0.989051103591919,86.86111111111111,88.12700833890501,15.0,466.0,1.625144859155019,0.5926698620120684,0.013904642328270711,0.0070597098480599625,0.06201456666199395,0.9365977280669742,0.06432628242733023,0.659853994846344,0.989051103591919
150,1001460,1085.2684603170271,41,0.9452652057011922,0.07565523124932702,0.5138686299324036,0.9883211851119995,74.98666666666666,103.64767157163841,16.0,666.0,1.6112103511889775,0.5746540750066439,0.011483579665461244,0.00874566975592946,0.0676112539134038,0.9452652057011922,0.07565523124932702,0.5138686299324036,0.9883211851119995
151,1007604,1023.3232421589196,47,0.93742700740695,0.07306875516695523,0.5985401272773743,0.985401451587677,85.725,100.10419259451623,20.0,550.0,1.6070210933685303,0.5805089299877485,-0.0008635235232456276,0.008739833157354346,0.0693552796278207,0.93742700740695,0.07306875516695523,0.5985401272773743,0.985401451587677
152,1013748,1044.663061815215,52,0.9469967470111618,0.06128431785475292,0.5248175263404846,0.9897810220718384,72.6144578313253,83.95951854808682,14.0,651.0,1.5474746624628704,0.5920871074000994,-0.0016569865911151282,0.008341675197395185,0.06334578622173531,0.9469967470111618,0.06128431785475292,0.5248175263404846,0.9897810220718384
153,1019892,1015.6256506980224,59,0.9410666891119697,0.08931677245938678,0.3883211612701416,0.985401451587677,80.73863636363636,122.3639777576961,20.0,838.0,1.5211065014203389,0.6092686702807745,-0.005514281976502389,0.00873806542949751,0.06457530929463547,0.9410666891119697,0.08931677245938678,0.3883211612701416,0.985401451587677
154,1026036,974.0992990854245,65,0.9485227658635094,0.061303613288196356,0.5722627639770508,0.989051103591919,70.52380952380952,83.98595066615042,15.0,586.0,1.522357240319252,0.6262516304850578,-0.01876815483168078,0.008031861740164459,0.058475605316074736,0.9485227658635094,0.061303613288196356,0.5722627639770508,0.989051103591919
155,1032180,959.1691490738866,71,0.9544771266455697,0.041909688451591764,0.727007269859314,0.989051103591919,62.366336633663366,57.416270984002956,15.0,374.0,1.4597127884626389,0.6334589347243309,-0.014601703354856,0.008151545751995096,0.06299428934440707,0.9544771266455697,0.041909688451591764,0.727007269859314,0.989051103591919
156,1038324,945.9866778952506,78,0.9564476883878895,0.051513074556603075,0.5153284668922424,0.9912408590316772,59.666666666666664,70.57291228022561,12.0,664.0,1.4802067776521046,0.6418259913722674,-0.007829770664102398,0.007200975184484075,0.06248722041393399,0.9564476883878895,0.051513074556603075,0.5153284668922424,0.9912408590316772
157,1044467,927.9514491528787,6,0.966343489916701,0.014227213034671024,0.9135338068008423,0.9827067852020264,44.76315789473684,18.922187214354192,23.0,115.0,1.4847602148850758,0.6203619837760925,-0.002088327116022507,0.0068731078451188905,0.05530638584549758,0.966343489916701,0.014227213034671024,0.9135338068008423,0.9827067852020264
158,1050611,1052.5943698067072,12,0.9524198834178517,0.037896210390179284,0.821052610874176,0.9894737005233765,63.28155339805825,50.40196048655177,14.0,238.0,1.473949134349823,0.6567908997337023,-0.006629645798966521,0.007479065524724622,0.06432995300559656,0.9524198834178517,0.037896210390179284,0.821052610874176,0.9894737005233765
159,1056755,1073.2197920061717,18,0.9597891802881279,0.030371665049020773,0.8022556304931641,0.9894737005233765,53.48039215686274,40.394313905853686,14.0,263.0,1.5039136211077373,0.6457607472936312,-0.0037251401566512263,0.006920127954799682,0.0623050483912343,0.9597891802881279,0.030371665049020773,0.8022556304931641,0.9894737005233765
160,1062899,923.4852683985056,25,0.9569370796805934,0.02991855763579333,0.8007518649101257,0.9879699349403381,57.27368421052632,39.79167913687303,16.0,265.0,1.5007362067699432,0.6374748473366102,-0.0018362116801048007,0.007438420065833877,0.06425209767843269,0.9569370796805934,0.02991855763579333,0.8007518649101257,0.9879699349403381
161,1069043,921.5375359722431,31,0.951389943787811,0.062350960530594884,0.6000000238418579,0.9872180223464966,64.65137614678899,82.926780586691,17.0,532.0,1.4657282928625743,0.648777648806572,-0.012378241090724865,0.00731880006302769,0.06093463365430585,0.951389943787811,0.062350960530594884,0.6000000238418579,0.9872180223464966
162,1075187,930.1389168177327,38,0.9566817980892254,0.035813351456744365,0.8037593960762024,0.9872180223464966,57.613207547169814,47.63175782881191,17.0,261.0,1.4524931212266285,0.6638429338733355,-0.006647581190918572,0.007444645743817091,0.06024179252536401,0.9566817980892254,0.035813351456744365,0.8037593960762024,0.9872180223464966
163,1081331,937.6984947077306,45,0.9517891931313055,0.05663436856887862,0.5052631497383118,0.9864661693572998,64.12037037037037,75.32371098731039,18.0,658.0,1.4713662266731262,0.667021411160628,-0.005863232057890855,0.007041592946431289,0.05600639127097401,0.9517891931313055,0.05663436856887862,0.5052631497383118,0.9864661693572998
164,1087475,898.2350740566822,51,0.9581429310215329,0.03655403715261312,0.7428571581840515,0.9879699349403381,55.66990291262136,48.616867173615596,16.0,342.0,1.457710141936938,0.6690576722224554,0.004058735095895827,0.006677232857327908,0.05536399527193408,0.9581429310215329,0.03655403715261312,0.7428571581840515,0.9879699349403381
165,1093619,944.5173657638913,58,0.9536625048548905,0.039842138144193205,0.7571428418159485,0.9894737005233765,61.628865979381445,52.99004372300088,14.0,323.0,1.486836646993955,0.6624495660265287,0.00833641883218661,0.006884883041493595,0.05694812768320684,0.9536625048548905,0.039842138144193205,0.7571428418159485,0.9894737005233765
166,1099763,933.8836430828267,64,0.9522965804185017,0.035564747032933754,0.8015037775039673,0.9864661693572998,63.445544554455445,47.30111573161816,18.0,264.0,1.5587248901526134,0.6588667581478754,0.009719752376743903,0.006273570140668501,0.05352473183852816,0.9522965804185017,0.035564747032933754,0.8015037775039673,0.9864661693572998
167,1105907,940.8260375314684,71,0.9498048983042753,0.03662894168301815,0.7586466073989868,0.9842105507850647,66.75949367088607,48.71649194149146,21.0,321.0,1.5318293422460556,0.6423788741230965,0.010650702790978054,0.005619211937300861,0.05124776182192262,0.9498048983042753,0.03662894168301815,0.7586466073989868,0.9842105507850647
168,1112051,958.5384433752772,77,0.9458564889171849,0.050805609631312774,0.718796968460083,0.9894737005233765,72.01086956521739,67.57145888439582,14.0,374.0,1.503964141011238,0.6385860865314802,0.0013108414035135259,0.006607113347854465,0.05877742197096932,0.9458564889171849,0.050805609631312774,0.718796968460083,0.9894737005233765
169,1118195,921.9671334997108,84,0.9517364859580993,0.044689636276293396,0.688721776008606,0.9879699349403381,64.19047619047619,59.43721701459372,16.0,414.0,1.4703540553649266,0.6526406332850456,-0.008205206283795027,0.006735122044725965,0.05872130657217176,0.9517364859580993,0.044689636276293396,0.688721776008606,0.9879699349403381
170,1124338,967.1785361744604,6,0.9684108542278409,0.011765181450165576,0.9170542359352112,0.9883720874786377,40.75,15.177079758636047,15.0,107.0,1.4275232305129368,0.7142962788542112,-0.041696408142646156,0.00458781054476276,0.060661406480886804,0.9684108542278409,0.011765181450165576,0.9170542359352112,0.9883720874786377
171,1130482,994.9703912394681,12,0.9691887028413276,0.012020832262505771,0.9232558012008667,0.9899224638938904,39.74657534246575,15.506875030231836,13.0,99.0,1.3528514852126439,0.7535980443159739,-0.02495229329603414,0.0033950104164735726,0.04829445935978094,0.9691887028413276,0.012020832262505771,0.9232558012008667,0.9899224638938904
172,1136626,1062.2661626449467,18,0.9706469017859788,0.013486804103204823,0.8759689927101135,0.9883720874786377,37.865497076023395,17.397974344808738,15.0,160.0,1.3540219217538834,0.7785839711626371,-0.027977535501122475,0.002526021960269039,0.04355256855070241,0.9706469017859788,0.013486804103204823,0.8759689927101135,0.9883720874786377
173,1142770,971.1064712359993,25,0.9728419386734397,0.009955635999819192,0.9441860318183899,0.9899224638938904,35.03389830508475,12.842768549353252,13.0,72.0,1.3206709772348404,0.7960331911842028,-0.014875745478396615,0.0023364298443387574,0.03744634782923329,0.9728419386734397,0.009955635999819192,0.9441860318183899,0.9899224638938904
174,1148914,953.4861980064402,31,0.9732894204944544,0.009488094832134935,0.9124031066894531,0.9899224638938904,34.456647398843934,12.239641097417502,13.0,113.0,1.3525527467330296,0.8047744904955229,-0.005186543630164427,0.0018525991714947547,0.032416737689712274,0.9732894204944544,0.009488094832134935,0.9124031066894531,0.9899224638938904
175,1155058,933.4426345870985,38,0.9717163750007327,0.01108366248372228,0.9255813956260681,0.9899224638938904,36.48587570621469,14.297922627597936,13.0,96.0,1.406638075908025,0.804721844693025,0.0006984436016258163,0.002024004051539426,0.03408188469276934,0.9717163750007327,0.01108366248372228,0.9255813956260681,0.9899224638938904
176,1161202,899.172377437545,44,0.9715541662966333,0.009613949358240418,0.934108555316925,0.9883720874786377,36.69512195121951,12.401995339450908,15.0,85.0,1.4390145391225815,0.802149606247743,0.004054632156718678,0.001831055526660445,0.03368239185749879,0.9715541662966333,0.009613949358240418,0.934108555316925,0.9883720874786377
177,1167346,945.8942801480496,51,0.9697571744192515,0.010556030496223202,0.9263566136360168,0.9883720874786377,39.01324503311258,13.617279028692069,15.0,95.0,1.5044006953636806,0.786380631228288,0.01077454180146257,0.00210982272013401,0.03891256260166512,0.9697571744192515,0.010556030496223202,0.9263566136360168,0.9883720874786377
178,1173490,958.8919045613611,57,0.9653319335521612,0.014526937574962226,0.9054263830184937,0.987596869468689,44.721804511278194,18.7397504350458,16.0,122.0,1.4918102125326793,0.7725902472933134,0.014821598345103363,0.002298154780874029,0.03860099611571505,0.9653319335521612,0.014526937574962226,0.9054263830184937,0.987596869468689
179,1179634,940.8414259029527,64,0.9664785660365048,0.012841208053958154,0.9201550483703613,0.986821711063385,43.24264705882353,16.565154925293093,17.0,103.0,1.497716893752416,0.7542685344815254,0.0017040272699280952,0.0026568684164279452,0.04137199717858837,0.9664785660365048,0.012841208053958154,0.9201550483703613,0.986821711063385
180,1185778,898.1841372363316,71,0.9651428256949334,0.013769812480389042,0.8883720636367798,0.987596869468689,44.965753424657535,17.76305785703439,16.0,144.0,1.4721149951219559,0.7659121577938398,-0.0017721602829017986,0.0024558059473444396,0.03638680332778021,0.9651428256949334,0.013769812480389042,0.8883720636367798,0.987596869468689
181,1191922,966.7657315591127,77,0.9691141318975005,0.01106192208250881,0.9271317720413208,0.9914728403091431,39.84276729559748,14.269876170695412,11.0,94.0,1.402930125594139,0.7759989847739538,-0.011122778911764422,0.00242965174644875,0.03538429557946573,0.9691141318975005,0.01106192208250881,0.9271317720413208,0.9914728403091431
182,1198066,955.6879954957344,84,0.9695073421064176,0.010672701715933479,0.9224806427955627,0.9883720874786377,39.33552631578947,13.767784708355345,15.0,100.0,1.4356776227553685,0.7785285959641138,-0.001041334065424356,0.0023730264607972154,0.0340428572018317,0.9695073421064176,0.010672701715933479,0.9224806427955627,0.9883720874786377
183,1204209,998.2466740933376,6,0.9699647032162723,0.010299913114267811,0.9336000084877014,0.9864000082015991,37.544117647058826,12.874888718570384,17.0,83.0,1.4584856579701106,0.7788280695676804,-0.001796031960111577,0.0022057134580488005,0.032983876949201296,0.9699647032162723,0.010299913114267811,0.9336000084877014,0.9864000082015991
184,1210353,1002.3530300250388,12,0.9674718937063529,0.012271154997330232,0.9120000004768372,0.9879999756813049,40.66013071895425,15.338943303965204,15.0,110.0,1.4460334529479344,0.7837116792798042,0.0017033480592848111,0.0021743360169542334,0.03259821034784555,0.9674718937063529,0.012271154997330232,0.9120000004768372,0.9879999756813049
185,1216497,971.1059589052866,19,0.9686251677424702,0.010773286357186343,0.9240000247955322,0.9904000163078308,39.21854304635762,13.466610187061413,12.0,95.0,1.4918623119592667,0.7839849268396696,0.0018758230993019727,0.002018145067268051,0.032068330444474734,0.9686251677424702,0.010773286357186343,0.9240000247955322,0.9904000163078308
186,1222641,1075.956546055487,24,0.9667064922970611,0.012317258892825866,0.9296000003814697,0.9879999756813049,41.616883116883116,15.396574948837468,15.0,88.0,1.44586085776488,0.7816318919261297,0.001584121532990442,0.002034456823215199,0.03241906581341058,0.9667064922970611,0.012317258892825866,0.9296000003814697,0.9879999756813049
187,1228785,1096.2109978492917,30,0.9682649343044727,0.010786831508918814,0.9336000084877014,0.9887999892234802,39.66883116883117,13.483542250493624,14.0,83.0,1.430120627085368,0.7842542851964632,-0.0006902196006800901,0.0021098958823131397,0.03500622646359553,0.9682649343044727,0.010786831508918814,0.9336000084877014,0.9887999892234802
188,1234929,1110.0622275383853,35,0.9700993909980311,0.01152308088370607,0.9151999950408936,0.9896000027656555,37.375757575757575,14.403851132817987,13.0,106.0,1.4103230287631352,0.7859500870108604,-0.005352389528222072,0.002147846326503592,0.034590135495588266,0.9700993909980311,0.01152308088370607,0.9151999950408936,0.9896000027656555
189,1241073,1093.2853009323585,41,0.970332530248596,0.011153226883573106,0.91839998960495,0.9919999837875366,37.08433734939759,13.941534391429094,10.0,102.0,1.4274848351875942,0.7909590775767962,-0.007113185924633096,0.002098300596117042,0.03076918468670284,0.970332530248596,0.011153226883573106,0.91839998960495,0.9919999837875366
190,1247217,974.4725490467454,47,0.9688746662934621,0.01100180735268794,0.9359999895095825,0.9896000027656555,38.906666666666666,13.752258804364548,13.0,80.0,1.42869966228803,0.7843931143482527,0.007467210942801709,0.002317408550879918,0.03411148058756413,0.9688746662934621,0.01100180735268794,0.9359999895095825,0.9896000027656555
191,1253361,1114.727907466757,53,0.9670719997088114,0.011478476079069305,0.9327999949455261,0.9872000217437744,41.16,14.34809162687963,16.0,84.0,1.4741860528786976,0.780444564918677,0.0067446463071973994,0.0022732206368042776,0.0361026194200823,0.9670719997088114,0.011478476079069305,0.9327999949455261,0.9872000217437744
192,1259505,1077.5873741425232,59,0.9660114275557654,0.01691267803769166,0.8288000226020813,0.9855999946594238,42.48571428571429,21.1408493255139,18.0,214.0,1.5097741484642029,0.765759694079558,0.009834563733117344,0.002771916838052372,0.041666356426743774,0.9660114275557654,0.01691267803769166,0.8288000226020813,0.9855999946594238
193,1265649,1069.906654438278,64,0.9623157888426817,0.023198498865514804,0.7712000012397766,0.9864000082015991,47.10526315789474,28.998123651482828,17.0,286.0,1.4902797589699428,0.7528598879774412,0.00456725200638175,0.003109775270180156,0.044229000059916236,0.9623157888426817,0.023198498865514804,0.7712000012397766,0.9864000082015991
194,1271793,1066.9365470573525,70,0.9629043478896653,0.016379864134352547,0.8863999843597412,0.9872000217437744,46.369565217391305,20.47482586040386,16.0,142.0,1.4584104418754578,0.7562879621982574,-0.0022465094492266267,0.0029854001962424568,0.040304530809547524,0.9629043478896653,0.016379864134352547,0.8863999843597412,0.9872000217437744
195,1277937,915.5031017744162,77,0.9668648613465799,0.01348472714378912,0.9136000275611877,0.9887999892234802,41.41891891891892,16.85591303479788,14.0,108.0,1.4334207773208618,0.75895956158638,-0.00973555279779248,0.0026122448907699436,0.03963832113917637,0.9668648613465799,0.01348472714378912,0.9136000275611877,0.9887999892234802
196,1284080,972.3324881736378,6,0.9696740131411288,0.011823396941177452,0.9280991554260254,0.9859504103660583,36.69444444444444,14.30631065968295,17.0,87.0,1.403901681303978,0.7650046373407046,-0.016311499251363177,0.0027824675489682704,0.04024526252045894,0.9696740131411288,0.011823396941177452,0.9280991554260254,0.9859504103660583
197,1290224,1047.5747596220392,12,0.9684368945934154,0.010817922760556063,0.9115702509880066,0.9884297251701355,38.19135802469136,13.089687747087886,14.0,107.0,1.4053316762049992,0.7761266256372134,-0.013804738681452969,0.002397330831930352,0.03632849394089322,0.9684368945934154,0.010817922760556063,0.9115702509880066,0.9884297251701355
198,1296368,910.2509975660403,19,0.9695316784309619,0.010319315074984566,0.9380165338516235,0.9909090995788574,36.86666666666667,12.486372369487263,11.0,75.0,1.4286967764298122,0.7893197213610014,-0.009729979637389382,0.002248373484083762,0.032261035642431234,0.9695316784309619,0.010319315074984566,0.9380165338516235,0.9909090995788574
199,1302512,1128.4805109231133,24,0.966898651891633,0.0120589000996655,0.9330578446388245,0.9892562031745911,40.05263157894737,14.591268781491882,13.0,81.0,1.4460404068231583,0.7869101241230965,0.0038527531420792607,0.0020390015949184694,0.030659542851799625,0.966898651891633,0.0120589000996655,0.9330578446388245,0.9892562031745911
200,1308656,1063.1173832443174,30,0.9690188582126911,0.011167607569276278,0.9280991554260254,0.9900826215744019,37.48717948717949,13.512808349140634,12.0,87.0,1.4485074331363041,0.7865273083249728,0.004839918442788378,0.0021965681080473587,0.03251741514186047,0.9690188582126911,0.011167607569276278,0.9280991554260254,0.9900826215744019
201,1314800,1032.0385233238478,36,0.9671948180077182,0.014138226006802476,0.9066115617752075,0.9900826215744019,39.69426751592356,17.10725343253172,12.0,113.0,1.4563222924868267,0.7782951965928078,-0.0021598358556123762,0.0024398410654005906,0.03195547524814424,0.9671948180077182,0.014138226006802476,0.9066115617752075,0.9900826215744019
202,1320944,992.5258336375382,42,0.9664600532915857,0.014037933419274076,0.8925619721412659,0.9876033067703247,40.583333333333336,16.985901016235005,15.0,130.0,1.4741757462422054,0.7728761484225591,0.0029784500463089594,0.0024581171843844154,0.03222074001458472,0.9664600532915857,0.014037933419274076,0.8925619721412659,0.9876033067703247
203,1327088,856.3904034759413,49,0.9646707867944477,0.019909418921198633,0.8140496015548706,0.9884297251701355,42.74834437086093,24.090397785649213,14.0,225.0,1.4572380781173706,0.7671004583438238,0.007875795427632207,0.002944217606758078,0.03749878323277867,0.9646707867944477,0.019909418921198633,0.8140496015548706,0.9884297251701355
204,1333232,989.1703172332132,56,0.9645733892078131,0.014477594414368616,0.9082644581794739,0.9851239919662476,42.86619718309859,17.51788979881345,18.0,111.0,1.448148359855016,0.765799214442571,-0.0035363805400265846,0.0023405136986790844,0.0317041410069114,0.9645733892078131,0.014477594414368616,0.9082644581794739,0.9851239919662476
205,1339376,965.810381082745,62,0.9664302829773196,0.012850752471034593,0.9140495657920837,0.9867768883705139,40.619354838709675,15.549409683947836,16.0,104.0,1.4621862024068832,0.7798684214552244,-0.00545214686038283,0.002107153632096015,0.03228616676477691,0.9664302829773196,0.012850752471034593,0.9140495657920837,0.9867768883705139
206,1345520,986.1631408674169,68,0.9673420421538814,0.011686717924484525,0.9041322469711304,0.9892562031745911,39.516129032258064,14.140928855155748,13.0,116.0,1.4387317150831223,0.780788965523243,4.88331716042012e-06,0.00227032133746737,0.03171277758902774,0.9673420421538814,0.011686717924484525,0.9041322469711304,0.9892562031745911
207,1351664,966.2698309363635,75,0.9661800992953313,0.014901809633383622,0.8942148685455322,0.9892562031745911,40.922077922077925,18.031189596907975,13.0,128.0,1.428297186891238,0.7773541882634163,-0.0010220592206072372,0.0020843443247334412,0.03317569280061065,0.9661800992953313,0.014901809633383622,0.8942148685455322,0.9892562031745911
208,1357808,881.2904603633776,82,0.9653940142040521,0.014142351531322513,0.9173553586006165,0.9884297251701355,41.87323943661972,17.11224714004875,14.0,100.0,1.425863231221835,0.7626106937726339,0.004845847778293925,0.002522713921886558,0.033274839006829864,0.9653940142040521,0.014142351531322513,0.9173553586006165,0.9884297251701355
209,1363951,986.7590922482418,6,0.9679202159245809,0.011053151832123605,0.9213675260543823,0.9837606549263,37.53333333333333,12.932187807230509,19.0,92.0,1.4250503430763881,0.7714842309554418,-0.007070556360607346,0.00227935379371047,0.03247482585761388,0.9679202159245809,0.011053151832123605,0.9213675260543823,0.9837606549263
210,1370095,1068.6072551894194,12,0.9681650194120995,0.012503575815092788,0.916239321231842,0.9888888597488403,37.24691358024691,14.629186845411596,13.0,98.0,1.409008224805196,0.7809049934148788,-0.006077416740784732,0.0023394727419751384,0.03350057685041053,0.9681650194120995,0.012503575815092788,0.916239321231842,0.9888888597488403
211,1376239,882.8628632882442,19,0.9665242039862975,0.01650544313024254,0.8282051086425781,0.988034188747406,39.166666666666664,19.31137002767227,14.0,201.0,1.4651067803303401,0.7895025014877319,0.00022030944395131277,0.0018984209697615977,0.0318682305943953,0.9665242039862975,0.01650544313024254,0.8282051086425781,0.988034188747406
212,1382383,1130.10877745989,24,0.9653987548998649,0.011228208691340894,0.9205127954483032,0.9871794581413269,40.48344370860927,13.137003148246176,15.0,93.0,1.4498717536528904,0.7881453186273575,0.0041984574078621035,0.0017060486376673605,0.030043003897820733,0.9653987548998649,0.011228208691340894,0.9205127954483032,0.9871794581413269
213,1388527,1161.7027624934037,30,0.9669533579409877,0.012224452217565303,0.8957265019416809,0.9897435903549194,38.664556962025316,14.302611410443468,12.0,122.0,1.4360092381636302,0.7931170190374056,0.006441629514786958,0.0021611015933255353,0.031024571383893248,0.9669533579409877,0.012224452217565303,0.8957265019416809,0.9897435903549194
214,1394671,1063.373182250388,35,0.9658287089634565,0.01351770404473095,0.9170939922332764,0.9863247871398926,39.98039215686274,15.815715931770153,16.0,97.0,1.4663637032111485,0.7811538875102997,0.0029129261456546374,0.002092019266759356,0.027191457385398955,0.9658287089634565,0.01351770404473095,0.9170939922332764,0.9863247871398926
215,1400815,1048.9916953988236,41,0.9646426753865348,0.014040465046793873,0.916239321231842,0.9863247871398926,41.36805555555556,16.42734277549416,16.0,98.0,1.5081219871838887,0.7694370001554489,0.009351184378222873,0.0023747010321433968,0.03504418289984423,0.9646426753865348,0.014040465046793873,0.916239321231842,0.9863247871398926
216,1406959,819.2656823492331,49,0.960916276802035,0.015729699582011463,0.9085469841957092,0.9905982613563538,45.72794117647059,18.403750781296438,11.0,107.0,1.4984531849622726,0.7604585339625677,0.01192078172850112,0.0027199802765001855,0.04120440471116961,0.960916276802035,0.015729699582011463,0.9085469841957092,0.9905982613563538
217,1413103,998.1307187815974,55,0.9629120762859072,0.015501081851392921,0.8743589520454407,0.9854700565338135,43.392857142857146,18.136268488690764,17.0,147.0,1.4616687496503193,0.7585479319095612,-0.0022527396698327116,0.0025946495976919928,0.03302297443525739,0.9629120762859072,0.015501081851392921,0.8743589520454407,0.9854700565338135
218,1419247,997.1656511777325,61,0.9647874067991208,0.013064167973539315,0.9094017148017883,0.9863247871398926,41.19871794871795,15.285077301078141,16.0,106.0,1.4526162147521973,0.7760062764088312,-0.004449221143052758,0.002266276981875611,0.03809433728065894,0.9647874067991208,0.013064167973539315,0.9094017148017883,0.9863247871398926
219,1425391,1018.6258469047057,67,0.9645421117544174,0.01585776313616227,0.9119657874107361,0.9863247871398926,41.48571428571429,18.55358483431387,16.0,103.0,1.4653779566287994,0.7700165435671806,0.007309824296195681,0.0024677911424078047,0.033561424955011396,0.9645421117544174,0.01585776313616227,0.9119657874107361,0.9863247871398926
220,1431535,983.2346635400304,73,0.9633052133073743,0.0164609636318102,0.8888888955116272,0.9863247871398926,42.93288590604027,19.25932683649759,16.0,130.0,1.4631167352199554,0.77137324710687,0.0026694513459612304,0.002667421077300484,0.03340630608638676,0.9633052133073743,0.0164609636318102,0.8888888955116272,0.9863247871398926
221,1437679,827.4430289256313,81,0.9628727676199494,0.013333174055001248,0.9051281809806824,0.9846153855323792,43.43884892086331,15.599813274990991,18.0,111.0,1.4682141294082005,0.765550876657168,0.0048054269451919636,0.0028653640183620155,0.038873040048094325,0.9628727676199494,0.013333174055001248,0.9051281809806824,0.9846153855323792
222,1443822,786.8207040270016,8,0.9582104231372024,0.019581879307834033,0.8938053250312805,0.9831858277320862,47.22222222222222,22.127525504690265,19.0,120.0,1.4956168482700984,0.728979987402757,0.017860965958486002,0.0030547668672321984,0.04227713338103464,0.9582104231372024,0.019581879307834033,0.8938053250312805,0.9831858277320862
223,1449966,996.2111515186846,14,0.9555647226713472,0.021548496189764,0.8646017909049988,0.9831858277320862,50.21186440677966,24.349799600649366,19.0,153.0,1.531553824742635,0.7212248866756757,0.016387388847457867,0.003606437200990816,0.04412956904074416,0.9555647226713472,0.021548496189764,0.8646017909049988,0.9831858277320862
224,1456110,1199.4055416029803,19,0.9518182503075159,0.025815382814013386,0.8185840845108032,0.9840707778930664,54.445378151260506,29.17138504646755,18.0,205.0,1.503550112247467,0.7284871165951093,0.007702335385450472,0.00379085410774375,0.038717287483992065,0.9518182503075159,0.025815382814013386,0.8185840845108032,0.9840707778930664
225,1462254,1140.53886051732,24,0.9541559826547854,0.017886872145242604,0.8911504149436951,0.9858406782150269,51.80373831775701,20.212164030851003,16.0,123.0,1.5056562622388203,0.7017867167790731,0.00862344138052625,0.003763393838501846,0.03836412125872279,0.9541559826547854,0.017886872145242604,0.8911504149436951,0.9858406782150269
226,1468398,1046.681062641597,30,0.9519469006495043,0.04361764357241855,0.5814159512519836,0.9805309772491455,54.3,49.28793877908579,22.0,473.0,1.5133977979421616,0.7043736974398295,0.011632429227271738,0.004801578994374722,0.04871161661450022,0.9519469006495043,0.04361764357241855,0.5814159512519836,0.9805309772491455
227,1474542,783.4494980412701,38,0.949158117306971,0.037080026008316266,0.7663716673851013,0.9893805384635925,57.45132743362832,41.900427934208246,12.0,264.0,1.4904719491799672,0.7078663185238838,0.0018798107921611518,0.004868959134910256,0.045308589144849455,0.949158117306971,0.037080026008316266,0.7663716673851013,0.9893805384635925
228,1480686,992.5836365352135,44,0.9518456502003713,0.030111577125606474,0.778761088848114,0.9867256879806519,54.414414414414416,34.026081270682226,15.0,250.0,1.5183108647664387,0.6999483679731687,0.005052793433909149,0.004301711587080111,0.04261848055941941,0.9518456502003713,0.030111577125606474,0.778761088848114,0.9867256879806519
229,1486830,1015.6988258597707,50,0.953966209563342,0.02493228722988493,0.8495575189590454,0.9876106381416321,52.018181818181816,28.173482638235235,14.0,170.0,1.493527705470721,0.6970344682534536,0.009399207439855672,0.005306293217775722,0.0468432132454733,0.953966209563342,0.02493228722988493,0.8495575189590454,0.9876106381416321
230,1492974,1012.8601906243334,57,0.9507574620893446,0.036515758652311915,0.7008849382400513,0.9849557280540466,55.644067796610166,41.262804981950204,17.0,338.0,1.4616681436697643,0.7061809698740641,-0.003351321652492819,0.005192921302902202,0.045802406106403126,0.9507574620893446,0.036515758652311915,0.7008849382400513,0.9849557280540466
231,1499118,897.0020680284308,63,0.9528919101825782,0.03544895656436619,0.6955752372741699,0.9831858277320862,53.232142857142854,40.057321014225785,19.0,344.0,1.4673880189657211,0.6924662465850512,0.001280685110638539,0.004725309525383636,0.0452994114330311,0.9528919101825782,0.03544895656436619,0.6955752372741699,0.9831858277320862
232,1505262,874.7849606720572,70,0.9495733247271606,0.032133979918608606,0.7823008894920349,0.9814159274101257,56.982142857142854,36.31139680961483,21.0,246.0,1.4775167753299077,0.6938390309611956,-0.0018377888530570392,0.004823869094252586,0.04275482026505887,0.9495733247271606,0.032133979918608606,0.7823008894920349,0.9814159274101257
233,1511406,1040.3573630934593,76,0.9500152571447964,0.02816211209055713,0.8150442242622375,0.9858406782150269,56.48275862068966,31.823186829357912,16.0,209.0,1.4563167889912922,0.6882203270991644,-0.010447242195368744,0.004655821772757918,0.038286122999756235,0.9500152571447964,0.02816211209055713,0.8150442242622375,0.9858406782150269
234,1517550,1051.6491725514782,82,0.9559057995307544,0.023695287595710348,0.8460177183151245,0.9831858277320862,49.82644628099174,26.77567592527551,19.0,174.0,1.442842776576678,0.7044990013043085,-0.0050219415813141195,0.005067493999376893,0.04939465175688625,0.9559057995307544,0.023695287595710348,0.8460177183151245,0.9831858277320862
235,1523693,786.5920165521953,8,0.9673306505157523,0.01083412740930833,0.9330275058746338,0.9871559739112854,35.60958904109589,11.809198462396315,14.0,73.0,1.3482999602953594,0.7509377176562945,-0.03532989788800478,0.0033891635248437524,0.03771362217878527,0.9673306505157523,0.01083412740930833,0.9330275058746338,0.9871559739112854
236,1529837,878.5067036844551,15,0.9675910884993417,0.013252889220445152,0.8935779929161072,0.9880734086036682,35.325714285714284,14.445648734028486,13.0,116.0,1.2882429659366608,0.7856906056404114,-0.023858198275168736,0.0026162461920951805,0.03731202519499257,0.9675910884993417,0.013252889220445152,0.8935779929161072,0.9880734086036682
237,1535981,989.5487867394385,21,0.9696021197951413,0.010263477577752325,0.9266055226325989,0.988990843296051,33.13368983957219,11.187191337482682,12.0,80.0,1.3476673811674118,0.8004294981559118,-0.01697541994508356,0.0019391807242451857,0.02718265779988932,0.9696021197951413,0.010263477577752325,0.9266055226325989,0.988990843296051
238,1542125,1035.9319481192326,27,0.9685048889982831,0.011972315129703795,0.8972477316856384,0.9899082779884338,34.32967032967033,13.049824170475572,11.0,112.0,1.3629457155863445,0.8084814548492432,-0.0024081641240627505,0.0017498591429709147,0.028662118871815096,0.9685048889982831,0.011972315129703795,0.8972477316856384,0.9899082779884338
239,1548269,1125.7657089416098,32,0.9681886067224104,0.009960393771393414,0.9357798099517822,0.988990843296051,34.674418604651166,10.856829230537304,12.0,70.0,1.3973308751980464,0.8046874205271403,0.0034922238264698535,0.0015690028230892494,0.02598927111474576,0.9681886067224104,0.009960393771393414,0.9357798099517822,0.988990843296051
240,1554413,842.6287108316903,40,0.9656298985568489,0.012585868373258152,0.8963302969932556,0.9899082779884338,37.46341463414634,13.718596175381812,11.0,113.0,1.4187501122554143,0.796800971031189,0.004083700196739907,0.0019367486626530688,0.026196794914191485,0.9656298985568489,0.012585868373258152,0.8963302969932556,0.9899082779884338
241,1560557,929.3881357453657,46,0.9655068932839159,0.01388386695881559,0.89449542760849,0.9871559739112854,37.59748427672956,15.133419013217965,14.0,115.0,1.4309527774651845,0.7793853431940079,0.0032007007284846622,0.0020862373300284767,0.03117270646482992,0.9655068932839159,0.01388386695881559,0.89449542760849,0.9871559739112854
242,1566701,1084.619016188767,52,0.9643907352135732,0.016076640602741936,0.8394495248794556,0.984403669834137,38.81410256410256,17.52353892632139,17.0,175.0,1.4502321481704712,0.7898879771431287,0.003022438465753415,0.001955830695806071,0.029480851609106157,0.9643907352135732,0.016076640602741936,0.8394495248794556,0.984403669834137
243,1572845,1072.8110709949892,58,0.9618481401550142,0.01319216957834656,0.9110091924667358,0.988990843296051,41.58552631578947,14.379464560225502,12.0,97.0,1.489777147769928,0.7828578303257624,0.009830440491593132,0.0020218673162162304,0.032090603011665546,0.9618481401550142,0.01319216957834656,0.9110091924667358,0.988990843296051
244,1578989,1054.7978739337077,63,0.9633714057961289,0.011834839986840328,0.9229357838630676,0.9862385392189026,39.925170068027214,12.899975444460177,15.0,84.0,1.4751896659533184,0.773500606417656,0.004215921115246601,0.002226783661171794,0.03215284983471988,0.9633714057961289,0.011834839986840328,0.9229357838630676,0.9862385392189026
245,1585133,806.0990404533107,71,0.9600851910454886,0.014827839451930266,0.9082568883895874,0.9853211045265198,43.50714285714286,16.1623444323842,16.0,100.0,1.4757534861564636,0.7618685786922773,0.007015406646435925,0.0025724628067109734,0.03275614774572407,0.9600851910454886,0.014827839451930266,0.9082568883895874,0.9853211045265198
246,1591277,933.0571401374511,78,0.9573328024235325,0.016284378152446988,0.9082568883895874,0.9853211045265198,46.507246376811594,17.749973005413885,16.0,100.0,1.4839346359173458,0.7618745937943459,0.004349541542372511,0.00252291858002233,0.03279751277083078,0.9573328024235325,0.016284378152446988,0.9082568883895874,0.9853211045265198
247,1597421,997.7972316549691,84,0.9598112325016543,0.014944172678741678,0.9036697149276733,0.9816513657569885,43.805755395683455,16.289148834519207,20.0,105.0,1.4416400442520778,0.7543193350235621,-0.0013049837992487785,0.0026356131032419703,0.03537419450677894,0.9598112325016543,0.014944172678741678,0.9036697149276733,0.9816513657569885
248,1603564,998.3314827450629,6,0.9631473203189671,0.011937784624396526,0.9314285516738892,0.9866666793823242,38.6953125,12.534676024028053,14.0,72.0,1.4259638090928395,0.7556214183568954,-0.008832424219387272,0.002570158443025624,0.031154235772585484,0.9631473203189671,0.011937784624396526,0.9314285516738892,0.9866666793823242
249,1609708,1219.9449584290057,11,0.9635209224440835,0.013602890500656897,0.907619059085846,0.9838095307350159,38.303030303030305,14.283036873592923,17.0,97.0,1.3917583574851353,0.774861122171084,-0.014168385571489731,0.002487766236299649,0.03361740379989777,0.9635209224440835,0.013602890500656897,0.907619059085846,0.9838095307350159
250,1615852,1313.7225289835549,16,0.9633362889289856,0.014274125700239107,0.8761904835700989,0.9876190423965454,38.49689440993789,14.987831181428895,13.0,130.0,1.3999733726183574,0.7826531901955605,-0.006603289334937775,0.0020969120281127593,0.028216579776120566,0.9633362889289856,0.014274125700239107,0.8761904835700989,0.9876190423965454
251,1621996,1130.9090900154317,21,0.9653165263288161,0.011265727734998782,0.9276190400123596,0.9895238280296326,36.417647058823526,11.82901394598282,11.0,76.0,1.4116682161887486,0.7933763091762861,-0.003970407308467354,0.0018297545805883904,0.027236995720150366,0.9653165263288161,0.011265727734998782,0.9276190400123596,0.9895238280296326
252,1628140,840.3861062541149,29,0.9647677820405842,0.012662425843089473,0.8847619295120239,0.9895238280296326,36.99382716049383,13.295546879851315,11.0,121.0,1.4399949510892232,0.7877022847533226,-0.0009471423618379049,0.0018884151456101488,0.02735224680726099,0.9647677820405842,0.012662425843089473,0.8847619295120239,0.9895238280296326
253,1634284,987.8188313435423,35,0.9634427676289719,0.013359530622238358,0.9104762077331543,0.9866666793823242,38.38509316770186,14.02750718804216,14.0,94.0,1.4198520282904308,0.7880638788143793,0.0021244783735407204,0.0021419518889160827,0.027931270720343043,0.9634427676289719,0.013359530622238358,0.9104762077331543,0.9866666793823242
254,1640428,1082.3823924403184,41,0.9631135521026758,0.013590896403618954,0.9104762077331543,0.9847618937492371,38.73076923076923,14.270440200317864,16.0,94.0,1.4620415071646373,0.7826857417821884,0.0010148963028768776,0.0021203775928976634,0.027005929625640062,0.9631135521026758,0.013590896403618954,0.9104762077331543,0.9847618937492371
255,1646572,1075.1399539150705,46,0.963293904331839,0.012613017540334972,0.9266666769981384,0.9876190423965454,38.54140127388535,13.243669534906378,13.0,77.0,1.4754854043324788,0.7762740155061086,0.0023942632251419127,0.0021617728925775737,0.02860434092405532,0.963293904331839,0.012613017540334972,0.9266666769981384,0.9876190423965454
256,1652716,867.498413647399,53,0.9601431675985748,0.016344001626469637,0.8590475916862488,0.9828571677207947,41.849673202614376,17.161200821000076,18.0,148.0,1.4601124376058578,0.7759179895122846,0.0016153460534648427,0.002392133431082281,0.029571422632215554,0.9601431675985748,0.016344001626469637,0.8590475916862488,0.9828571677207947
257,1658860,818.8172102008434,61,0.9619498063583631,0.014880918510866812,0.9047619104385376,0.9876190423965454,39.9527027027027,15.624968955411088,13.0,100.0,1.457536980509758,0.7735256999731064,-0.0009067318921249049,0.002378871247249966,0.029181964240325004,0.9619498063583631,0.014880918510866812,0.9047619104385376,0.9876190423965454
258,1665004,1008.9452575883871,67,0.9604044364739771,0.015968640715561814,0.8590475916862488,0.9847618937492371,41.57534246575342,16.7670729249848,16.0,148.0,1.4250593483448029,0.7659756119052569,0.0022381339889155547,0.0023880504159023985,0.03248272865328457,0.9604044364739771,0.015968640715561814,0.8590475916862488,0.9847618937492371
259,1671148,1081.0678605348915,73,0.9614285722374916,0.01566369701663803,0.8733333349227905,0.9838095307350159,40.5,16.446884203398525,17.0,133.0,1.427905648946762,0.7760691940784454,-0.007264829517225735,0.002298344790081804,0.030522425964574523,0.9614285722374916,0.01566369701663803,0.8733333349227905,0.9838095307350159
260,1677292,1078.8598903674076,78,0.9626822151294371,0.013258624474900386,0.9114285707473755,0.9866666793823242,39.183673469387756,13.921558873617892,14.0,93.0,1.4203007469574611,0.7676178067922592,-0.0013580102240666747,0.0024935928425596408,0.032142079440501334,0.9626822151294371,0.013258624474900386,0.9114285707473755,0.9866666793823242
261,1683435,967.9606992192663,6,0.9630194384686268,0.01310329143316485,0.9198019504547119,0.987128734588623,37.35036496350365,13.234323457776368,13.0,81.0,1.3990462968746822,0.7615403334299723,-0.0074020884615795994,0.002515298367749589,0.03303288181361515,0.9630194384686268,0.01310329143316485,0.9198019504547119,0.987128734588623
262,1689579,987.1587094377918,12,0.962459738355085,0.014599399700615199,0.8792079091072083,0.9841583967208862,37.91566265060241,14.745393251834814,16.0,122.0,1.3999786376953125,0.7818202897906303,-0.005817837520832351,0.002139235002687201,0.029538348273167512,0.962459738355085,0.014599399700615199,0.8792079091072083,0.9841583967208862
263,1695723,832.7428238882871,20,0.9625299772860841,0.012966519449700276,0.9217821955680847,0.986138641834259,37.84472049689441,13.096184549959522,14.0,79.0,1.427975018819173,0.7829603950182596,-0.00433004471900252,0.0020673738520902893,0.029826458142422223,0.9625299772860841,0.012966519449700276,0.9217821955680847,0.986138641834259
264,1701867,736.1237762277514,28,0.9605940580368042,0.013049290970029156,0.9227722883224487,0.9851484894752502,39.8,13.179782496940785,15.0,78.0,1.4481461942195892,0.7812884524464607,0.0036190255680897585,0.0019685065878244736,0.030124144424899215,0.9605940580368042,0.013049290970029156,0.9227722883224487,0.9851484894752502
265,1708011,960.573032808236,35,0.9596404354823264,0.01824759766531979,0.8405940532684326,0.9831683039665222,40.76315789473684,18.43007297944587,17.0,161.0,1.4757332106431325,0.7771716589728991,0.0063277922648315625,0.0020772704544166722,0.029331652174004953,0.9596404354823264,0.01824759766531979,0.8405940532684326,0.9831683039665222
266,1714155,1073.5484510852482,40,0.9592271720369657,0.015737098449508356,0.9049504995346069,0.9881188273429871,41.18055555555556,15.894466532665534,12.0,96.0,1.4762982775767644,0.7671539237101873,0.004541076896809197,0.00223692492969955,0.02891773546883618,0.9592271720369657,0.015737098449508356,0.9049504995346069,0.9881188273429871
267,1720299,1067.627034643539,46,0.9568195602520794,0.020346933001786777,0.8356435894966125,0.9891089200973511,43.61224489795919,20.550402276742503,11.0,166.0,1.4633669058481853,0.7573381786545118,-0.00019419560703681782,0.0024991957519281036,0.029127519872137155,0.9568195602520794,0.020346933001786777,0.8356435894966125,0.9891089200973511
268,1726443,815.7627899489788,54,0.95957870811424,0.014840954120510726,0.9108911156654358,0.987128734588623,40.8255033557047,14.989361571364634,13.0,90.0,1.449633613228798,0.7601093351840973,-0.0045949911982461344,0.0023987046830977,0.03008206742308595,0.95957870811424,0.014840954120510726,0.9108911156654358,0.987128734588623
269,1732587,948.5652418534024,60,0.9597186038368627,0.01500202496608825,0.908910870552063,0.9881188273429871,40.68421052631579,15.15204565511291,12.0,92.0,1.4302193224430084,0.7666529789566994,-0.005039002377695094,0.0024733708996791393,0.029754093309548525,0.9597186038368627,0.01500202496608825,0.908910870552063,0.9881188273429871
270,1738731,1081.8398005973968,66,0.9616971310132589,0.01467261492908999,0.8861386179924011,0.987128734588623,38.68589743589744,14.819341349761892,13.0,115.0,1.4563042571147282,0.7793639749288559,-0.0061707595305051655,0.0020595884416252375,0.03002558543071474,0.9616971310132589,0.01467261492908999,0.8861386179924011,0.987128734588623
271,1744875,1097.5679666152803,71,0.9591464642820687,0.015579091459063844,0.8712871074676514,0.9891089200973511,41.262068965517244,15.734881387258875,11.0,130.0,1.4616708407799404,0.7729151447614034,0.006670361113113661,0.0021503468306036666,0.030111213372336867,0.9591464642820687,0.015579091459063844,0.8712871074676514,0.9891089200973511
272,1751019,907.0434830171797,78,0.9597819258895102,0.016893720802088317,0.8673267364501953,0.987128734588623,40.620253164556964,17.06265727703716,13.0,134.0,1.4721670548121135,0.7781300793091456,-0.0005723855489729127,0.0020354649847528585,0.030262168855294338,0.9597819258895102,0.016893720802088317,0.8673267364501953,0.987128734588623
273,1757163,773.3697732019601,86,0.9588323654799625,0.015422360353326022,0.8891088962554932,0.9831683039665222,41.57931034482758,15.576582319807995,17.0,112.0,1.464917967716853,0.7673934921622276,0.003362322495377157,0.0022846498128880435,0.028022660190104697,0.9588323654799625,0.015422360353326022,0.8891088962554932,0.9831683039665222
274,1763306,962.6317759735216,6,0.9510044944592011,0.023622517938569416,0.8731958866119385,0.9804123640060425,47.52564102564103,22.913843290305444,19.0,123.0,1.574188118179639,0.6919558420777321,0.032364938563356795,0.0030420365704533956,0.038815297580560834,0.9510044944592011,0.023622517938569416,0.8731958866119385,0.9804123640060425
275,1769450,767.3127797943836,14,0.9378653743687798,0.041966379349009965,0.7618556618690491,0.9814432859420776,60.27058823529412,40.70738861545006,18.0,231.0,1.5928280105193455,0.6708800221482912,0.03413748050418993,0.004909161769319326,0.051508875989731855,0.9378653743687798,0.041966379349009965,0.7618556618690491,0.9814432859420776
276,1775594,728.6431985220052,23,0.916969610672248,0.07341744121711323,0.6185566782951355,0.983505129814148,80.53947368421052,71.21491579228287,16.0,370.0,1.6233166356881459,0.6283483679095904,0.028448509518057108,0.004754511202918366,0.045456752707879515,0.916969610672248,0.07341744121711323,0.6185566782951355,0.983505129814148
277,1781738,987.9187305872204,29,0.919949849715104,0.07031858651985247,0.5958762764930725,0.9814432859420776,77.64864864864865,68.20902540589843,18.0,392.0,1.636295070250829,0.6094208285212517,0.024059064337052405,0.00542254305522268,0.04949913259422575,0.919949849715104,0.07031858651985247,0.5958762764930725,0.9814432859420776
278,1787882,1137.513333483708,34,0.9162252192313854,0.08185538922773156,0.4556700885295868,0.9804123640060425,81.26153846153846,79.39972426285718,19.0,528.0,1.646232436100642,0.5835636829336485,0.021776109972658258,0.006125262259350468,0.04346245996766602,0.9162252192313854,0.08185538922773156,0.4556700885295868,0.9804123640060425
279,1794026,848.0938977747815,42,0.9320000020662943,0.04935074621116321,0.7051546573638916,0.9804123640060425,65.96,47.87022456600763,19.0,286.0,1.6185221374034882,0.5691205461819967,0.007785859566259508,0.007000259861039619,0.05066256388202173,0.9320000020662943,0.04935074621116321,0.7051546573638916,0.9804123640060425
280,1800170,789.8971772869207,49,0.911675859675851,0.10680773068469128,0.3701030910015106,0.9804123640060425,85.67441860465117,103.60349750095033,19.0,611.0,1.6181975106398265,0.5812255044778188,-0.00029625916310275596,0.009754594473633915,0.056248154792949,0.911675859675851,0.10680773068469128,0.3701030910015106,0.9804123640060425
281,1806314,921.212751897929,56,0.9235900544068393,0.12709068589825767,0.0,0.985567033290863,72.69117647058823,113.03932909454713,14.0,873.0,1.631367062528928,0.548422080775102,0.007140232269496967,0.007690815352058659,0.05497020868556148,0.9235900544068393,0.12709068589825767,0.0,0.985567033290863
282,1812458,1117.2969937198066,62,0.9050073660023156,0.1349919622944017,0.12164948135614395,0.9865979552268982,92.14285714285714,130.94220306768054,13.0,852.0,1.5840732554594676,0.56683931996425,0.002633214423743387,0.011044650493810574,0.06426789276886177,0.9050073660023156,0.1349919622944017,0.12164948135614395,0.9865979552268982
283,1818602,1130.0633329676057,67,0.920731708770845,0.08271322559790732,0.6206185817718506,0.9814432859420776,76.89024390243902,80.2318296574646,18.0,368.0,1.5657011369864147,0.5677902524669965,-0.003181810321014685,0.009583141383094093,0.052124978421281026,0.920731708770845,0.08271322559790732,0.6206185817718506,0.9814432859420776
284,1824746,771.9155680290446,75,0.9238622083169657,0.09033538941143546,0.26494845747947693,0.9804123640060425,73.85365853658537,87.62532793873703,19.0,713.0,1.5524205267429352,0.56617654611667,-0.002925942691945238,0.009547527995891869,0.05735833401640469,0.9238622083169657,0.09033538941143546,0.26494845747947693,0.9804123640060425
285,1830890,784.385746132305,83,0.9245062725371626,0.08237687199086047,0.3680412471294403,0.985567033290863,73.2289156626506,79.905565543636,14.0,613.0,1.5375766704479854,0.5671569953362147,-0.01080204216123093,0.009429559926502407,0.05932931664818342,0.9245062725371626,0.08237687199086047,0.3680412471294403,0.985567033290863
286,1837034,1117.5318436553673,88,0.9176127179918518,0.1154089204253795,0.12886597216129303,0.9793814420700073,79.91566265060241,111.94665304588321,20.0,845.0,1.5148834039767582,0.5658557862043381,-0.014235705093597062,0.010706576829155287,0.0616294662030726,0.9176127179918518,0.1154089204253795,0.12886597216129303,0.9793814420700073
287,1843177,897.525203462363,7,0.9568054375485477,0.01678228342206115,0.8709677457809448,0.9838709831237793,40.17094017094017,15.60752097810189,15.0,120.0,1.4006944050391514,0.6763525232672691,-0.05547110503539443,0.005795518809463829,0.05313917782548516,0.9568054375485477,0.01678228342206115,0.8709677457809448,0.9838709831237793
288,1849321,838.7635176297749,14,0.958530670645609,0.019515172866154947,0.8505376577377319,0.9849462509155273,38.566473988439306,18.149107137250063,14.0,139.0,1.3187880615393321,0.7468386938174566,-0.053379637033989034,0.003446313707778851,0.04988237388296449,0.958530670645609,0.019515172866154947,0.8505376577377319,0.9849462509155273
289,1855465,847.1821306526538,21,0.9615028736203216,0.014959092916399571,0.8795698881149292,0.9881720542907715,35.80232558139535,13.911948827287517,11.0,112.0,1.337860345840454,0.7673589910070101,-0.03042628235804538,0.0025503735232632607,0.03474444941374976,0.9615028736203216,0.014959092916399571,0.8795698881149292,0.9881720542907715
290,1861609,1210.0389472102052,26,0.9624253292878469,0.015445386337380086,0.8956989049911499,0.9849462509155273,34.94444444444444,14.36420018356679,14.0,97.0,1.331808179616928,0.7921882246931394,-0.01425812958041206,0.0021510046353796497,0.03204615274505529,0.9624253292878469,0.015445386337380086,0.8956989049911499,0.9849462509155273
291,1867753,1225.4279508501215,31,0.963907014083311,0.011698852700354232,0.9118279814720154,0.9870967864990234,33.566473988439306,10.879924119170997,12.0,82.0,1.340861623485883,0.7929421787460645,-0.00747750757727772,0.0018263552046846598,0.0285185327375586,0.963907014083311,0.011698852700354232,0.9118279814720154,0.9870967864990234
292,1873897,870.3507826090363,38,0.9618127662583259,0.01468968875046316,0.8505376577377319,0.9860215187072754,35.51412429378531,13.661404806801002,13.0,139.0,1.3720083485047023,0.8001485019922256,-0.0031935969770226316,0.0018148494370204087,0.028870058762406826,0.9618127662583259,0.01468968875046316,0.8505376577377319,0.9860215187072754
293,1880041,766.0482845961499,47,0.9615451521267092,0.013122352068179261,0.9118279814720154,0.9870967864990234,35.76300578034682,12.203781096291811,12.0,82.0,1.3893321255842845,0.7943033600846926,-0.0023273469087143894,0.0017001262167468667,0.02398736148897325,0.9615451521267092,0.013122352068179261,0.9118279814720154,0.9870967864990234
294,1886185,923.2417941021131,53,0.9612776703694288,0.01464754360549481,0.8838709592819214,0.9860215187072754,36.01176470588236,13.622208612190917,13.0,108.0,1.4109724362691243,0.7939868271350861,0.003846163359412458,0.001764656442295139,0.025550878694322616,0.9612776703694288,0.01464754360549481,0.8838709592819214,0.9860215187072754
295,1892329,1095.482123185501,59,0.9599561867890535,0.013443815037169581,0.9043010473251343,0.9817204475402832,37.24074074074074,12.502743183222798,17.0,89.0,1.425605148077011,0.7851527407765388,-0.00047412209096364677,0.0018054809819053237,0.0295033011631859,0.9599561867890535,0.013443815037169581,0.9043010473251343,0.9817204475402832
296,1898473,940.0813341070489,65,0.9589842400460873,0.016009268963504863,0.8698924779891968,0.9860215187072754,38.144654088050316,14.888616426457544,13.0,121.0,1.4469599227110546,0.7777868881821632,0.007033462296628083,0.0022946192087450377,0.030880153528066567,0.9589842400460873,0.016009268963504863,0.8698924779891968,0.9860215187072754
297,1904617,787.2738602313998,73,0.9556253120403162,0.02161789044948799,0.8204300999641418,0.9849462509155273,41.26845637583892,20.104635971588998,14.0,167.0,1.4438719153404236,0.7714542051156362,0.004597588076042787,0.0025033882120624185,0.03301866737282959,0.9556253120403162,0.02161789044948799,0.8204300999641418,0.9849462509155273
298,1910761,812.227894917145,81,0.9570243818308014,0.01458432206590941,0.8870967626571655,0.9806451797485352,39.967320261437905,13.563415952337575,18.0,105.0,1.432802493373553,0.7732900977134705,-0.001047025316741686,0.002112649419965843,0.028114336796523517,0.9570243818308014,0.01458432206590941,0.8870967626571655,0.9806451797485352
299,1916905,1053.5104291990017,87,0.9552802088244862,0.017318870047904954,0.8827956914901733,0.9827957153320312,41.58940397350993,16.106545715222136,16.0,109.0,1.4350146055221558,0.7680780192216238,0.0024568579344001287,0.002300601336173713,0.028640721433866378,0.9552802088244862,0.017318870047904954,0.8827956914901733,0.9827957153320312
300,1923048,714.3519521610627,9,0.9498309145853358,0.023182663230542598,0.8561797738075256,0.9820224642753601,44.650485436893206,20.632573331715626,16.0,128.0,1.5165025840202968,0.7235996847351392,0.020867393468506634,0.0031159113083655634,0.04128909151060429,0.9498309145853358,0.023182663230542598,0.8561797738075256,0.9820224642753601
301,1929192,761.693804030387,17,0.9369340285216228,0.0383976271924319,0.7898876667022705,0.9820224642753601,56.12871287128713,34.17388944977551,16.0,187.0,1.5198128322760265,0.7093106036384901,0.022880180932891864,0.004439835320226848,0.04459249957912953,0.9369340285216228,0.0383976271924319,0.7898876667022705,0.9820224642753601
302,1935336,900.7047352054713,24,0.9378089879949888,0.04037046223965773,0.7112359404563904,0.9842696785926819,55.35,35.92971147485973,14.0,257.0,1.5176651279131572,0.7101767659187317,0.00815318682968306,0.0036551604862324893,0.038891260636552266,0.9378089879949888,0.04037046223965773,0.7112359404563904,0.9842696785926819
303,1941480,1051.7271587568318,30,0.9391423980800473,0.02557042696646049,0.8426966071128845,0.9764044880867004,54.16326530612245,22.757682657731667,21.0,140.0,1.5584804465373356,0.6793416167298952,0.021718826959840953,0.00437517409833769,0.04143704844152088,0.9391423980800473,0.02557042696646049,0.8426966071128845,0.9764044880867004
304,1947624,766.209680985858,38,0.9353100265617724,0.05006160967153214,0.6921348571777344,0.9820224642753601,57.574074074074076,44.55483589825507,16.0,274.0,1.5075456549723942,0.6890711188316345,0.0008683291816851124,0.004676580661907792,0.043876693993834946,0.9353100265617724,0.05006160967153214,0.6921348571777344,0.9820224642753601
305,1953768,772.4961857822808,46,0.9361759337604555,0.050825890014505236,0.6056180000305176,0.9786517024040222,56.8034188034188,45.23504414810506,19.0,351.0,1.4865788966417313,0.6921287477016449,-0.0011985121842978212,0.004610907072977473,0.03816204306810878,0.9361759337604555,0.050825890014505236,0.6056180000305176,0.9786517024040222
306,1959912,825.9051125550263,53,0.9449342948905493,0.027770608250139658,0.802247166633606,0.9764044880867004,49.00847457627118,24.715841267039426,21.0,176.0,1.4725568095842998,0.6925262187918028,-0.006324716188828461,0.004779067200918992,0.04206965740958286,0.9449342948905493,0.027770608250139658,0.802247166633606,0.9764044880867004
307,1966056,1126.5987386719569,58,0.9348602697380588,0.06759546586650497,0.3224719166755676,0.983146071434021,57.97435897435897,60.15996646242438,15.0,603.0,1.4635155151287715,0.6876353472471237,0.0014597752403157453,0.005027951886101316,0.046120489217528295,0.9348602697380588,0.06759546586650497,0.3224719166755676,0.983146071434021
308,1972200,823.2373522210614,66,0.9485779479146004,0.028862782785587814,0.733707845211029,0.983146071434021,45.765625,25.687875415444054,15.0,237.0,1.4194013873736064,0.7143835723400116,-0.010594655526801944,0.004576230557480206,0.03865417813861548,0.9485779479146004,0.028862782785587814,0.733707845211029,0.983146071434021
309,1978344,733.292819597239,74,0.9429299913919889,0.041365476233020206,0.6033707857131958,0.9842696785926819,50.792307692307695,36.81527612572012,14.0,353.0,1.4556498924891155,0.7077857901652654,-0.002880373562220484,0.0043982964028449105,0.04029318205104171,0.9429299913919889,0.041365476233020206,0.6033707857131958,0.9842696785926819
310,1984488,773.3494655400267,82,0.9444444444444444,0.030628813263494908,0.7943820357322693,0.9842696785926819,49.44444444444444,27.259643860870902,14.0,183.0,1.4294572571913402,0.7242488836248716,-0.004990827954316046,0.0038814125291537493,0.040903094734927134,0.9444444444444444,0.030628813263494908,0.7943820357322693,0.9842696785926819
311,1990632,1006.8595427275646,88,0.9506260020392282,0.019951682348529183,0.8910112380981445,0.983146071434021,43.94285714285714,17.75699919491363,15.0,97.0,1.410224810242653,0.7333712751666704,-0.01110137851598362,0.0029970871401019394,0.03185805387003856,0.9506260020392282,0.019951682348529183,0.8910112380981445,0.983146071434021
312,1996776,749.8653978742769,97,0.9495366198303056,0.02081679344436278,0.8786516785621643,0.9820224642753601,44.91240875912409,18.52694800087366,16.0,108.0,1.4243435611327488,0.734983411928018,-0.0038777186406756905,0.0029441951871073493,0.03169889766008153,0.9495366198303056,0.02081679344436278,0.8786516785621643,0.9820224642753601
313,2002919,951.6847635623313,7,0.952318912695262,0.01758834886994174,0.8882352709770203,0.9835293889045715,40.52892561983471,14.950095707239624,14.0,95.0,1.381949429710706,0.7358894919355711,-0.006084749005822232,0.002971840110452225,0.03481818721889675,0.952318912695262,0.01758834886994174,0.8882352709770203,0.9835293889045715
314,2009063,957.895036058685,13,0.9468756024954749,0.03103194953444362,0.748235285282135,0.981176495552063,45.15573770491803,26.377157433883145,16.0,214.0,1.4161804964145024,0.7196846728523573,0.011820990883279592,0.004169300082139671,0.045961005069513595,0.9468756024954749,0.03103194953444362,0.748235285282135,0.981176495552063
315,2015207,816.8061822397535,21,0.9416577536048312,0.041732924026056564,0.7247058749198914,0.9847058653831482,49.59090909090909,35.47298471552823,13.0,234.0,1.465203786889712,0.715638242661953,-0.001364301814949916,0.004077945098591347,0.0401947664118572,0.9416577536048312,0.041732924026056564,0.7247058749198914,0.9847058653831482
316,2021351,795.8679953470553,28,0.9376991169642558,0.03622286096481032,0.755294144153595,0.9870588183403015,52.95575221238938,30.78943313177054,11.0,208.0,1.4562651763359706,0.708265113333861,0.008912080205239667,0.0038326679884145656,0.04035245006630057,0.9376991169642558,0.03622286096481032,0.755294144153595,0.9870588183403015
317,2027495,911.4056002958395,35,0.9424356613308191,0.030409966593489445,0.7729411721229553,0.9823529124259949,48.9296875,25.84847178562678,15.0,193.0,1.4468219578266144,0.7111810992161433,-0.0022201459505595267,0.0036388754864068082,0.03835446475846079,0.9424356613308191,0.030409966593489445,0.7729411721229553,0.9823529124259949
318,2033639,1061.1765212433345,41,0.9417366948392656,0.03275246753154444,0.7576470375061035,0.9823529124259949,49.523809523809526,27.83959561308725,15.0,206.0,1.4670650164286296,0.7180504774053892,-0.0009375046089796039,0.004366567610607793,0.03859321190010129,0.9417366948392656,0.03275246753154444,0.7576470375061035,0.9823529124259949
319,2039783,774.2192396478258,49,0.9452720055902811,0.03214026015783363,0.6917647123336792,0.981176495552063,46.5187969924812,27.31922166235677,16.0,262.0,1.4737286070982616,0.7204932694633802,0.0022318685308467443,0.004342999600339681,0.03883907267390422,0.9452720055902811,0.03214026015783363,0.6917647123336792,0.981176495552063
320,2045927,764.9494289773777,57,0.9426862741510074,0.02983622324112385,0.755294144153595,0.9764705896377563,48.71666666666667,25.360791040939993,20.0,208.0,1.4898795038461685,0.7177184795339903,0.005277853837469593,0.0038688390923198313,0.034453251809055556,0.9426862741510074,0.02983622324112385,0.755294144153595,0.9764705896377563
321,2052071,808.1532393142166,64,0.9408850489406411,0.03109552996230847,0.7247058749198914,0.9717646837234497,50.24770642201835,26.431200621597444,24.0,234.0,1.5135677208503087,0.6987575640281042,0.012591004090306038,0.004281450645066798,0.04458367117115163,0.9408850489406411,0.03109552996230847,0.7247058749198914,0.9717646837234497
322,2058215,992.7071019084198,71,0.9311035484814447,0.06081563825864486,0.4694117605686188,0.9788235425949097,58.56198347107438,51.69329329103007,18.0,451.0,1.5124328931172688,0.7018490806221962,0.0029122135929355863,0.0044933783647138625,0.044347758634223716,0.9311035484814447,0.06081563825864486,0.4694117605686188,0.9788235425949097
323,2064359,793.8039014049235,78,0.9372549039476058,0.03390672909347072,0.7788235545158386,0.9800000190734863,53.333333333333336,28.82072148521103,17.0,188.0,1.521960233648618,0.6719539389014244,0.009336800353291133,0.0044881991925649345,0.04033859119043382,0.9372549039476058,0.03390672909347072,0.7788235545158386,0.9800000190734863
324,2070503,821.9936088792573,86,0.9355805630269258,0.04255156270589359,0.7082353234291077,0.981176495552063,54.756521739130434,36.168829074181446,16.0,248.0,1.491374433040619,0.6790857861439387,-0.008316301633991921,0.00491852128955846,0.04395947842056749,0.9355805630269258,0.04255156270589359,0.7082353234291077,0.981176495552063
325,2076647,795.3919318494856,94,0.9409803941845893,0.03400805066365527,0.7764706015586853,0.9788235425949097,50.166666666666664,28.906842711641055,18.0,190.0,1.4632919977108638,0.6895744651556015,-0.004921496312211578,0.0049824261805042624,0.04625819790312238,0.9409803941845893,0.03400805066365527,0.7764706015586853,0.9788235425949097
326,2082790,971.085246559178,6,0.9456896571249798,0.02110782301432307,0.8641975522041321,0.9814814925193787,43.991379310344826,17.097335792483907,15.0,110.0,1.4455073128143947,0.7052300299207369,-0.014664305257610977,0.003580504679121077,0.03735961135106721,0.9456896571249798,0.02110782301432307,0.8641975522041321,0.9814814925193787
327,2088934,992.8668227191389,12,0.9441240225129455,0.022706783145796737,0.8432098627090454,0.980246901512146,45.25954198473283,18.39249257159912,16.0,127.0,1.3850386043389638,0.724554551144441,-0.012427820494243255,0.0034099711920134723,0.037653348230981376,0.9441240225129455,0.022706783145796737,0.8432098627090454,0.980246901512146
328,2095078,1105.295998377686,18,0.9475220467363085,0.025169746706005462,0.7765432000160217,0.9827160239219666,42.50714285714286,20.38749491672755,14.0,181.0,1.4070791453123093,0.7367794166008631,-0.010753866818655903,0.003162827983032912,0.03224143914863867,0.9475220467363085,0.025169746706005462,0.7765432000160217,0.9827160239219666
329,2101222,1139.114564678551,23,0.9430134689266031,0.027694238472590508,0.8049382567405701,0.9814814925193787,46.15909090909091,22.432332437076024,15.0,158.0,1.3948484112819035,0.7389711985985438,0.0018661616898801487,0.0032755987194832414,0.0371440876499467,0.9430134689266031,0.027694238472590508,0.8049382567405701,0.9814814925193787
330,2107366,818.6928662239317,31,0.9447246295340518,0.03011322332245011,0.7851851582527161,0.980246901512146,44.773049645390074,24.39171141464092,16.0,174.0,1.4384427616993587,0.7343192348877589,0.00012161364429630339,0.0033937832728649178,0.03848016444010887,0.9447246295340518,0.03011322332245011,0.7851851582527161,0.980246901512146
331,2113510,731.5299495098556,39,0.9417839031810908,0.03176220708710383,0.790123462677002,0.9777777791023254,47.15503875968992,25.727387034115004,18.0,170.0,1.4595591972271602,0.7320237159729004,0.004544857942770856,0.003766686898112918,0.03923313181459721,0.9417839031810908,0.03176220708710383,0.790123462677002,0.9777777791023254
332,2119654,742.03524846881,48,0.940768176537973,0.027053647809540643,0.7888888716697693,0.980246901512146,47.977777777777774,21.913454911830758,16.0,171.0,1.4646969983975093,0.7293219417333603,0.0006363756328937598,0.0031773267643681415,0.036171704169731124,0.940768176537973,0.027053647809540643,0.7888888716697693,0.980246901512146
333,2125798,726.2256384176457,56,0.941601826363251,0.02466413824163739,0.8259259462356567,0.9777777791023254,47.30252100840336,19.977951973940876,18.0,141.0,1.4982566088438034,0.7191802635788918,0.00593810374266468,0.0033339748818737767,0.0401802395472998,0.941601826363251,0.02466413824163739,0.8259259462356567,0.9777777791023254
334,2131942,974.2595335253689,62,0.9387991021979939,0.0260067456356881,0.8432098627090454,0.980246901512146,49.57272727272727,21.06546466738611,16.0,127.0,1.5118349343538284,0.6980219036340714,0.012341637445691353,0.004305235449767982,0.043100977548277596,0.9387991021979939,0.0260067456356881,0.8432098627090454,0.980246901512146
335,2138086,976.5077345344457,69,0.9305425892357065,0.05081148772430685,0.6098765134811401,0.9827160239219666,56.260504201680675,41.15730474896968,14.0,316.0,1.5197872867186863,0.6939367925127348,0.0011719918596403052,0.004286440962459892,0.039654445912337244,0.9305425892357065,0.05081148772430685,0.6098765134811401,0.9827160239219666
336,2144230,1017.0397798188803,75,0.9329722787974015,0.03374275712184225,0.7679012417793274,0.9753086566925049,54.29245283018868,27.331634508880366,20.0,188.0,1.5337332288424175,0.6844983672102293,0.0107894081932803,0.004365653730928898,0.03662644874979821,0.9329722787974015,0.03374275712184225,0.7679012417793274,0.9753086566925049
337,2150374,1016.9199795083342,81,0.9302858425690247,0.045448870551852594,0.6555555462837219,0.9765431880950928,56.468468468468465,36.81358440512837,19.0,279.0,1.5046650220950444,0.686782032251358,0.00240755720975964,0.004923008809176584,0.04145714673516549,0.9302858425690247,0.045448870551852594,0.6555555462837219,0.9765431880950928
338,2156518,797.6426671071017,89,0.9331417623265036,0.036479988767613714,0.7148148417472839,0.9777777791023254,54.1551724137931,29.548791750861675,18.0,231.0,1.4941842357317607,0.6849129671851794,-0.0036545842352400846,0.004062682729757701,0.037633600519679004,0.9331417623265036,0.036479988767613714,0.7148148417472839,0.9777777791023254
339,2162661,837.116453140791,7,0.9487550048003519,0.018378496290023204,0.8948051929473877,0.9779220819473267,39.45864661654135,14.15144259401357,17.0,81.0,1.4291022221247356,0.7220810800790787,-0.030871567083522677,0.003461758664343506,0.03761372838231796,0.9487550048003519,0.018378496290023204,0.8948051929473877,0.9779220819473267
340,2168805,853.8435021169814,15,0.9485098249637164,0.019831343009893084,0.866233766078949,0.9805194735527039,39.6474358974359,15.270133614505975,15.0,103.0,1.4047495673100154,0.7441066106160482,-0.022285338801642258,0.0030756243892634907,0.0379489351453762,0.9485098249637164,0.019831343009893084,0.866233766078949,0.9805194735527039
341,2174949,1058.1880035388178,20,0.9504828502734503,0.015082891332910384,0.8922078013420105,0.983116865158081,38.12820512820513,11.613827936668333,13.0,83.0,1.4281488358974457,0.7631856103738149,-0.012112836256468048,0.0023348145089888326,0.03164368951670809,0.9504828502734503,0.015082891332910384,0.8922078013420105,0.983116865158081
342,2181093,806.3134535034258,28,0.9497483756393195,0.02016231151246238,0.8077921867370605,0.984415590763092,38.69375,15.524978613109264,12.0,148.0,1.4165188372135162,0.7739718655745188,-0.0048423577536595985,0.0021303228325753785,0.028929584931700374,0.9497483756393195,0.02016231151246238,0.8077921867370605,0.984415590763092
343,2187237,853.7545933473292,35,0.9492762016642625,0.023300786065809775,0.8285714387893677,0.9818181991577148,39.05732484076433,17.941604511897964,14.0,132.0,1.45171320438385,0.7695789312322935,0.001276720905783198,0.002134065357192109,0.028273636557027484,0.9492762016642625,0.023300786065809775,0.8285714387893677,0.9818181991577148
344,2193381,792.6595834288407,43,0.9502747242267315,0.01859690288978711,0.8870129585266113,0.9792208075523376,38.28846153846154,14.319616102586123,16.0,87.0,1.4311885237693787,0.7690089792013168,-0.0015207024722864542,0.0023192003476045406,0.031868376276079885,0.9502747242267315,0.01859690288978711,0.8870129585266113,0.9792208075523376
345,2199525,854.2749285836302,50,0.9488666583292232,0.02226894462746293,0.7909091114997864,0.9805194735527039,39.37267080745342,17.147087424764063,15.0,161.0,1.4511537005503972,0.765624592701594,-0.003899491869863899,0.0022705959515102827,0.03115730630718348,0.9488666583292232,0.02226894462746293,0.7909091114997864,0.9805194735527039
346,2205669,843.7320341660053,57,0.9498507698870594,0.02045251327027916,0.8389610648155212,0.9805194735527039,38.61490683229814,15.74843465032062,15.0,124.0,1.4263463566700618,0.7739661435286204,-0.0004759007060783915,0.0022911773315475634,0.034643561551180604,0.9498507698870594,0.02045251327027916,0.8389610648155212,0.9805194735527039
347,2211813,839.1166049155285,65,0.9491549538422938,0.016978875093479524,0.8883116841316223,0.9792208075523376,39.15068493150685,13.073733190289177,16.0,86.0,1.430199032028516,0.7640613739689192,0.0032156607339857146,0.002338468504603952,0.03026243816393719,0.9491549538422938,0.016978875093479524,0.8883116841316223,0.9792208075523376
348,2217957,824.300518779097,72,0.9496347401291132,0.019120409482742753,0.8545454740524292,0.984415590763092,38.78125,14.722717087463849,12.0,112.0,1.4544521619876225,0.7683826039234797,0.0031711156989331357,0.002267891609032328,0.029582110650930738,0.9496347401291132,0.019120409482742753,0.8545454740524292,0.984415590763092
349,2224101,829.5443045700417,80,0.9461598013410505,0.03718396107072107,0.5402597188949585,0.9792208075523376,41.45695364238411,28.63164902374718,16.0,354.0,1.4777478873729706,0.7619316056370735,0.0016478345496580005,0.002458859273853401,0.02943574617236402,0.9461598013410505,0.03718396107072107,0.5402597188949585,0.9792208075523376
350,2230245,1062.69830746789,86,0.9461124382520977,0.017693743536496477,0.8688311576843262,0.9779220819473267,41.49342105263158,13.624183563431723,17.0,101.0,1.456718107064565,0.7648194581270218,-0.0011250692502168629,0.0020240367545435825,0.030415972624177782,0.9461124382520977,0.017693743536496477,0.8688311576843262,0.9779220819473267
351,2236389,1097.8842529778046,91,0.9451966467478596,0.021121355873606498,0.8766233921051025,0.9792208075523376,42.198581560283685,16.263442822973058,16.0,95.0,1.448380137483279,0.7554230044285456,0.009174810353821764,0.002440275769913569,0.02773779450397316,0.9451966467478596,0.021121355873606498,0.8766233921051025,0.9792208075523376
352,2242532,762.1405154705795,8,0.945609004460564,0.019545027176040633,0.880821943283081,0.9739726185798645,39.70542635658915,14.267870937785,19.0,87.0,1.438430557648341,0.7487919926643372,-0.0014394473922341906,0.002347673745437836,0.028511774702834173,0.945609004460564,0.019545027176040633,0.880821943283081,0.9739726185798645
353,2248676,768.8261670203284,16,0.9477087394112632,0.017947540862444638,0.8753424882888794,0.9780821800231934,38.17261904761905,13.101707006108896,16.0,91.0,1.4056203067302704,0.76926306138436,-0.00899708213789078,0.0020212880432760962,0.02542412547962437,0.9477087394112632,0.017947540862444638,0.8753424882888794,0.9780821800231934
354,2254820,768.3968571881971,24,0.9478749537315124,0.02124153874646178,0.8150684833526611,0.982191801071167,38.05128205128205,15.506324132428494,13.0,135.0,1.4438919971386592,0.7685161530971527,-0.004063316099442697,0.0020021579451470948,0.024931307208074266,0.9478749537315124,0.02124153874646178,0.8150684833526611,0.982191801071167
355,2260964,772.7037279025891,32,0.9486815053969622,0.0182569156694822,0.8931506872177124,0.982191801071167,37.4625,13.327550178108503,13.0,78.0,1.4254812548557918,0.7747689957420031,0.0009236207103337316,0.0022037540814684085,0.027607354694788044,0.9486815053969622,0.0182569156694822,0.8931506872177124,0.982191801071167
356,2267108,776.5617878185608,40,0.9476238776136328,0.019013414732530213,0.8589041233062744,0.982191801071167,38.23456790123457,13.879794004358066,13.0,103.0,1.4158856322367985,0.7760538284977277,-0.0010860875324093893,0.0017475304872884105,0.025339512854508795,0.9476238776136328,0.019013414732530213,0.8589041233062744,0.982191801071167
357,2273252,792.9165025180598,47,0.9502256695245732,0.016329961441026743,0.8671233057975769,0.982191801071167,36.335260115606935,11.92087470926836,13.0,97.0,1.4317465672890346,0.7820109898845354,-0.004626101382503596,0.0017259910334056865,0.024079274206763035,0.9502256695245732,0.016329961441026743,0.8671233057975769,0.982191801071167
358,2279396,791.3284170286452,55,0.9478167776018381,0.017307092468017832,0.8794520497322083,0.9794520735740662,38.09375,12.634178285013236,15.0,88.0,1.4659963697195053,0.7759194920460383,0.0026074388394287475,0.0018425616775251303,0.02309147556324197,0.9478167776018381,0.017307092468017832,0.8794520497322083,0.9794520735740662
359,2285540,798.8857977391143,63,0.9448770852121589,0.02123411818659261,0.8657534122467041,0.9794520735740662,40.23972602739726,15.500907969217304,15.0,98.0,1.49871127307415,0.7690246775746346,0.011155270350476107,0.0019008685776498169,0.028503828756815563,0.9448770852121589,0.02123411818659261,0.8657534122467041,0.9794520735740662
360,2291684,843.2593362232119,70,0.9416588450947853,0.022451782703984305,0.8369863033294678,0.9753424525260925,42.58904109589041,16.389802723860903,18.0,119.0,1.5120185613632202,0.753531833489736,0.0092266901046969,0.0021681726745252186,0.02865231265445083,0.9416588450947853,0.022451782703984305,0.8369863033294678,0.9753424525260925
361,2297828,911.3062986031516,77,0.9397566919006518,0.023473625328614398,0.8383561372756958,0.9808219075202942,43.97761194029851,17.135747055001477,14.0,118.0,1.4932764420906703,0.7410867288708687,0.007312775667135914,0.002298903127666563,0.030885157976751648,0.9397566919006518,0.023473625328614398,0.8383561372756958,0.9808219075202942
362,2303972,895.4487290716368,84,0.937108973958599,0.026041093698727865,0.7780821919441223,0.9794520735740662,45.91044776119403,19.009998424461205,15.0,162.0,1.4887942026058834,0.7344075540701548,0.004911643123098959,0.0026451454129225263,0.03104708448143177,0.937108973958599,0.026041093698727865,0.7780821919441223,0.9794520735740662
363,2310116,906.1615224642211,91,0.941527991886907,0.02606829163299529,0.8164383769035339,0.9767123460769653,42.68456375838926,19.02985547255516,17.0,134.0,1.4663704882065456,0.7395062198241552,-0.004746649271207086,0.0027933562135634324,0.03300028602012832,0.941527991886907,0.02606829163299529,0.8164383769035339,0.9767123460769653
364,2316260,876.7876303478754,98,0.9382261760043402,0.03133438639844525,0.716438353061676,0.983561635017395,45.09489051094891,22.874102658536525,12.0,207.0,1.4409317324558895,0.7363176221648852,-0.0012955146691335055,0.002817879052599892,0.03405205002466383,0.9382261760043402,0.03133438639844525,0.716438353061676,0.983561635017395
365,2322403,770.0468607412688,8,0.8404135323108587,0.05797865836156921,0.6666666865348816,0.9375,38.30075187969925,13.914878153298472,15.0,80.0,1.498682051897049,0.7098799149195353,0.02302718589392801,0.0022505537684385977,0.03146764679348107,0.8404135323108587,0.05797865836156921,0.6666666865348816,0.9375
366,2328547,779.6855122255135,16,0.8263599533173773,0.05590780049605382,0.6000000238418579,0.9291666746139526,41.673611111111114,13.417872544727171,17.0,96.0,1.5420247813065846,0.6918626427650452,0.026636310465012986,0.0019446462489819776,0.03214281160804062,0.8263599533173773,0.05590780049605382,0.6000000238418579,0.9291666746139526
367,2334691,826.6318155782886,23,0.8049129363316209,0.07075436523128181,0.49166667461395264,0.9416666626930237,46.82089552238806,16.981047708772035,14.0,122.0,1.5981360177199047,0.6609720115860304,0.029884142878775794,0.002047904175318157,0.03274963965917718,0.8049129363316209,0.07075436523128181,0.49166667461395264,0.9416666626930237
368,2340835,819.208750093461,31,0.7619357622849444,0.1090100050079466,0.24166665971279144,0.925000011920929,57.135416666666664,26.162401374104064,18.0,182.0,1.6398792813221614,0.6039274781942368,0.04263893701136112,0.003132846458659818,0.043300848281759896,0.7619357622849444,0.1090100050079466,0.24166665971279144,0.925000011920929
369,2346979,825.0195923955986,38,0.761721183624223,0.12257265656551702,0.20416666567325592,0.925000011920929,57.18691588785047,29.417437400265385,18.0,191.0,1.6184314042329788,0.5864981338381767,0.02414267890465756,0.003914320977249493,0.03863690161611422,0.761721183624223,0.12257265656551702,0.20416666567325592,0.925000011920929
370,2353123,833.4188084943908,45,0.7678199402455773,0.09652829249200731,0.36250001192092896,0.9166666865348816,55.723214285714285,23.16679035565033,20.0,153.0,1.5874283413092296,0.571871946255366,0.009261267608962953,0.003458690819873785,0.03269184648541556,0.7678199402455773,0.09652829249200731,0.36250001192092896,0.9166666865348816
371,2359267,868.4255740978726,53,0.7738445381156537,0.11419439970799024,0.38333332538604736,0.949999988079071,54.27731092436975,27.406655748622345,12.0,148.0,1.541487991809845,0.5809035450220108,0.0013793590357333112,0.004454153832436229,0.038505851837785286,0.7738445381156537,0.11419439970799024,0.38333332538604736,0.949999988079071
372,2365411,871.5189292511982,60,0.7933823536424076,0.10748348574812022,0.0,0.9291666746139526,49.38655462184874,24.360427078709037,17.0,216.0,1.5456761320432026,0.5773872757951418,-0.005530235546757467,0.003989354445366189,0.0360563158328826,0.7933823536424076,0.10748348574812022,0.0,0.9291666746139526
373,2371555,914.4687292251314,66,0.7969160077609415,0.09238742542785967,0.3916666805744171,0.9166666865348816,48.74015748031496,22.17298228209923,20.0,146.0,1.4820725520451863,0.5885685980319977,-0.012317600330182662,0.004431030635411541,0.03810514261967787,0.7969160077609415,0.09238742542785967,0.3916666805744171,0.9166666865348816
374,2377699,924.4721912737125,73,0.8151724149440897,0.08177812580335167,0.4333333373069763,0.9375,44.358620689655176,19.626750169995898,15.0,136.0,1.4277957876523335,0.6147427782416344,-0.02641007226581375,0.004096508986549452,0.03697434477149502,0.8151724149440897,0.08177812580335167,0.4333333373069763,0.9375
375,2383843,938.6794946798833,80,0.8307389954351029,0.07331361700089521,0.5458333492279053,0.9458333253860474,40.62264150943396,17.595267819109814,13.0,109.0,1.384492923816045,0.644476480782032,-0.026950731097410124,0.0037113986327312887,0.03279653018554159,0.8307389954351029,0.07331361700089521,0.5458333492279053,0.9458333253860474
376,2389987,911.2784232450543,86,0.8565269763759106,0.05470266666914716,0.6833333373069763,0.9458333253860474,34.433526011560694,13.128639996026898,13.0,76.0,1.3271670788526535,0.6729019582271576,-0.0340259134148558,0.003064397683677574,0.035626640234715685,0.8565269763759106,0.05470266666914716,0.6833333373069763,0.9458333253860474
377,2396131,906.3939023741265,93,0.8459047627449036,0.06036836974866962,0.5333333611488342,0.949999988079071,36.98285714285714,14.488408878711791,12.0,112.0,1.3722891956567764,0.6876485720276833,-0.009021265626264116,0.002620427005846674,0.02782756663880398,0.8459047627449036,0.06036836974866962,0.5333333611488342,0.949999988079071
378,2402274,778.1012492862444,8,0.8514269394417332,0.052777761746501214,0.6208333373069763,0.9458333253860474,35.657534246575345,12.666663374517684,13.0,91.0,1.408660704890887,0.6900104135274887,-0.0036942663764421013,0.00222547902376391,0.025490604841953046,0.8514269394417332,0.052777761746501214,0.6208333373069763,0.9458333253860474
379,2408418,774.7555999066678,16,0.850577310625329,0.056213091521659896,0.49166667461395264,0.9416666626930237,35.86144578313253,13.491142398289181,14.0,122.0,1.4073553433020909,0.6909794559081396,-3.3557068187898644e-06,0.0024016808796053133,0.027508430751801784,0.850577310625329,0.056213091521659896,0.49166667461395264,0.9416666626930237
380,2414562,776.9689975250772,24,0.838675868657469,0.0613059240887508,0.612500011920929,0.9458333253860474,38.717791411042946,14.71342161056472,13.0,93.0,1.4643772890170415,0.6881394013762474,0.005528905094251968,0.0023234431670668223,0.028619089762640965,0.838675868657469,0.0613059240887508,0.612500011920929,0.9458333253860474
381,2420706,784.1123979672439,31,0.8294664254720262,0.0715109715647087,0.3916666805744171,0.9333333373069763,40.92805755395683,17.162633112771303,16.0,146.0,1.502678448955218,0.667060283323129,0.01697138446616009,0.003049398568691686,0.034936942004929715,0.8294664254720262,0.0715109715647087,0.3916666805744171,0.9333333373069763
382,2426850,830.0321436501864,39,0.8112470872335501,0.10942390157419707,0.0,0.9375,45.13286713286713,25.06641186264322,15.0,216.0,1.506758784254392,0.6529748017589251,0.00805746357461127,0.0033171633161449185,0.030555731867892177,0.8112470872335501,0.10942390157419707,0.0,0.9375
383,2432994,878.5206001353894,46,0.8233447487223639,0.06934283337432709,0.5291666388511658,0.9375,42.397260273972606,16.642279649914435,15.0,113.0,1.4998810142278671,0.6535562202334404,0.002874848618375836,0.002846583054633811,0.028000431367748584,0.8233447487223639,0.06934283337432709,0.5291666388511658,0.9375
384,2439138,902.5573766082244,53,0.8234664330052005,0.08189108589756275,0.42916667461395264,0.9416666626930237,42.36805555555556,19.65386113032874,14.0,137.0,1.4863111873467763,0.6496785953640938,0.0023486270171512538,0.0033428777921168753,0.03329843090239252,0.8234664330052005,0.08189108589756275,0.42916667461395264,0.9416666626930237
385,2445282,884.1471205936107,60,0.8336368665000461,0.06455167832494968,0.550000011920929,0.949999988079071,39.9271523178808,15.492403324367679,12.0,108.0,1.4466481705506642,0.6539378017187119,-0.002215058157162275,0.0030379655751554915,0.029534226859866963,0.8336368665000461,0.06455167832494968,0.550000011920929,0.949999988079071
386,2451426,903.5519425357626,66,0.8266067516569998,0.08300059561969005,0.3541666567325592,0.9291666746139526,41.61437908496732,19.920142590443845,17.0,155.0,1.4254112740357716,0.6567453667521477,-0.005874791027357181,0.0032658573569885143,0.03116600819755877,0.8266067516569998,0.08300059561969005,0.3541666567325592,0.9291666746139526
387,2457570,875.3114826931566,73,0.8432259720527321,0.05365017574940727,0.675000011920929,0.9458333253860474,37.625766871165645,12.876042284130095,13.0,78.0,1.412311722834905,0.6761749237775803,-0.012220764823723584,0.002330518861223633,0.02707789165987721,0.8432259720527321,0.05365017574940727,0.675000011920929,0.9458333253860474
388,2463714,849.3854656284507,81,0.8448544173355562,0.05343755409473681,0.6291666626930237,0.9416666626930237,37.234939759036145,12.825012588217499,14.0,89.0,1.3965613345305126,0.6836456706126531,-0.009479330037720501,0.002473098259846059,0.027762502465128753,0.8448544173355562,0.05343755409473681,0.6291666626930237,0.9416666626930237
389,2469858,864.7285696683256,88,0.8437370613495015,0.059285200267217494,0.5791666507720947,0.9375,37.50310559006211,14.228448549272178,15.0,101.0,1.4182735681533813,0.6849474931756655,0.00270024943408013,0.002536922140279785,0.028332685502155706,0.8437370613495015,0.059285200267217494,0.5791666507720947,0.9375
390,2476002,805.6035853727785,95,0.832927487113259,0.09241719674647002,0.0,0.9458333253860474,39.94155844155844,20.8174617678135,13.0,216.0,1.4431146184603374,0.6782411187887192,0.004680230254355895,0.0028903528000228107,0.029366186324650156,0.832927487113259,0.09241719674647002,0.0,0.9458333253860474
391,2482145,754.9518355224857,8,0.8274532712508584,0.0769497173237546,0.5958333611488342,0.9208333492279053,41.41121495327103,18.467932941236803,19.0,97.0,1.5353988061348598,0.6389050905903181,0.021120717050507665,0.003208529446662093,0.03672572568957373,0.8274532712508584,0.0769497173237546,0.5958333611488342,0.9208333492279053
392,2488289,761.8936893878576,16,0.7856231232484182,0.11849402617240365,0.19166666269302368,0.9333333373069763,51.450450450450454,28.438566232260087,16.0,194.0,1.5889584571123123,0.6040890067815781,0.019187406947215397,0.004299821991783877,0.03961859226698127,0.7856231232484182,0.11849402617240365,0.19166666269302368,0.9333333373069763
393,2494433,767.1255009907961,24,0.750961537544544,0.12883050746624472,0.0,0.9291666746139526,59.53846153846154,29.636231424014618,17.0,216.0,1.6269287665685017,0.5781512930989265,0.029266312563170988,0.004111742503785838,0.03699235016803263,0.750961537544544,0.12883050746624472,0.0,0.9291666746139526
394,2500577,766.899581606519,32,0.692681623957096,0.19665583110225232,0.0,0.9083333611488342,72.83333333333333,44.06795936658564,22.0,216.0,1.6601551175117493,0.526178720096747,0.04259252672394117,0.005638961573519434,0.045747707060557495,0.692681623957096,0.19665583110225232,0.0,0.9083333611488342
395,2506721,779.6487371606199,40,0.6780303023852311,0.21116435184406393,0.0,0.8958333134651184,76.02597402597402,46.80825047321211,25.0,216.0,1.681132286787033,0.49324293558796245,0.027736908989027143,0.005529608752112836,0.04496745634189305,0.6780303023852311,0.21116435184406393,0.0,0.8958333134651184
396,2512865,786.8684661022911,48,0.6630555562178294,0.23203241886916962,0.0,0.9291666746139526,78.94666666666667,50.32345863400974,17.0,216.0,1.6885213653246562,0.4760012390712897,0.02654713155546536,0.006638299712600808,0.04439318057637818,0.6630555562178294,0.23203241886916962,0.0,0.9291666746139526
397,2519009,783.3290197524741,56,0.6329594030976295,0.23387089516796938,0.0,0.9041666388511658,86.55128205128206,52.13066606624349,23.0,216.0,1.6892955402533214,0.4519512007633845,0.0228404679413264,0.005955635375964145,0.04281890468378947,0.6329594030976295,0.23387089516796938,0.0,0.9041666388511658
398,2525153,796.1378209402895,63,0.6480046959830003,0.22087469696740963,0.0,0.8916666507720947,82.78873239436619,48.18769508441034,26.0,216.0,1.664324884613355,0.4338187674681346,0.017903872416354716,0.0061906784734067815,0.04187031689226415,0.6480046959830003,0.22087469696740963,0.0,0.8916666507720947
399,2531297,806.8916832192399,71,0.6576291064561253,0.18377958211682585,0.0,0.925000011920929,81.83098591549296,42.973619787254606,18.0,216.0,1.6531377236048381,0.4222158802052339,0.004467258385072152,0.005844537459779531,0.039541435454863806,0.6576291064561253,0.18377958211682585,0.0,0.925000011920929
400,2537441,821.8152757584365,78,0.6865740751226743,0.21922437810151238,0.0,0.9333333373069763,74.15555555555555,49.40803153584358,16.0,216.0,1.6259849468866985,0.43209218978881836,-0.007326659305059972,0.008283099256611118,0.04678719928563957,0.6865740751226743,0.21922437810151238,0.0,0.9333333373069763
401,2543585,843.3007013291528,86,0.6955853140070325,0.18715615372923156,0.0,0.9083333611488342,72.77380952380952,43.91993559456099,22.0,216.0,1.6105033904314041,0.449834156781435,-0.007326266674984557,0.007241986303900679,0.044248993065897656,0.6955853140070325,0.18715615372923156,0.0,0.9083333611488342
402,2549729,863.9983134302637,93,0.7152491422350874,0.1710347777517821,0.14166666567325592,0.9166666865348816,68.34020618556701,41.04834630016301,20.0,206.0,1.5620685319105785,0.46546045939127606,-0.015369723842013627,0.007769218257938822,0.050387456403606555,0.7152491422350874,0.1710347777517821,0.14166666567325592,0.9166666865348816
403,2555873,896.8618358682315,100,0.7386217935440632,0.1649159165571668,0.0,0.9416666626930237,62.26923076923077,37.60043748958626,14.0,216.0,1.5203214784463246,0.49656854197382927,-0.025337310895944636,0.007092993299011141,0.04773176554018654,0.7386217935440632,0.1649159165571668,0.0,0.9416666626930237
404,2562016,769.2639480824972,8,0.8296747958757044,0.06683284143435413,0.6041666865348816,0.9333333373069763,40.8780487804878,16.039881883196298,16.0,95.0,1.4129371047019958,0.5654296601812044,-0.06316695595160127,0.005410338528842355,0.05191729533058596,0.8296747958757044,0.06683284143435413,0.6041666865348816,0.9333333373069763
405,2568160,772.2703788031534,16,0.8352725383995464,0.07091849795538271,0.4833333194255829,0.9375,39.534591194968556,17.020439016950583,15.0,124.0,1.35200239221255,0.625787744919459,-0.04982050942877928,0.0045461276701341076,0.047280914461107944,0.8352725383995464,0.07091849795538271,0.4833333194255829,0.9375
406,2574304,795.062558386405,24,0.8470343123464024,0.06419027719348795,0.5249999761581421,0.949999988079071,36.71176470588235,15.405666732538661,12.0,114.0,1.3285230994224548,0.6617847656210264,-0.035264067041377224,0.0037659246590919793,0.03976079910889355,0.8470343123464024,0.06419027719348795,0.5249999761581421,0.949999988079071
407,2580448,837.9904301869799,31,0.8555248616808686,0.05550199855763793,0.6625000238418579,0.949999988079071,34.67403314917127,13.320479799025605,12.0,81.0,1.31169190009435,0.6916868661840757,-0.02420397972067197,0.0028211568132974207,0.031194409037796116,0.8555248616808686,0.05550199855763793,0.6625000238418579,0.949999988079071
408,2586592,841.5812827239878,38,0.8634973387134836,0.047691837327728796,0.6791666746139526,0.949999988079071,32.76063829787234,11.446041014766841,12.0,77.0,1.2984849860270817,0.7066588997840881,-0.021448059977653127,0.002303150099275323,0.029161536684338574,0.8634973387134836,0.047691837327728796,0.6791666746139526,0.949999988079071
409,2592736,859.8226148082134,45,0.8644607870336523,0.0491484490349385,0.6875,0.9541666507720947,32.529411764705884,11.7956278121538,11.0,75.0,1.3271044939756393,0.7160885209838549,-0.01219712100767841,0.0020487632330817482,0.028502018483844743,0.8644607870336523,0.0491484490349385,0.6875,0.9541666507720947
410,2598880,848.1680919367235,53,0.8620673942435635,0.0500028745204276,0.5666666626930237,0.9458333253860474,33.10382513661202,12.000689261262416,13.0,104.0,1.3905728310346603,0.7150917177399,0.0009728112102796634,0.0021829621643216037,0.02985204114924593,0.8620673942435635,0.0500028745204276,0.5666666626930237,0.9458333253860474
411,2605024,853.7528114009236,60,0.853540461704221,0.05791559585077019,0.4625000059604645,0.949999988079071,35.15028901734104,13.899742686009633,12.0,129.0,1.4174562841653824,0.7137708564599355,0.010231059432650605,0.002264557648838187,0.029480427595770808,0.853540461704221,0.05791559585077019,0.4625000059604645,0.949999988079071
412,2611168,875.5350003302392,67,0.8428053811470174,0.05989298422168202,0.5,0.9375,37.72670807453416,14.374316112336901,15.0,120.0,1.4567782282829285,0.7009011631210645,0.013237106846645474,0.0019698348090363047,0.024638463775887354,0.8428053811470174,0.05989298422168202,0.5,0.9375
413,2617312,893.3374915037828,74,0.8283055541912715,0.0653326528209996,0.46666666865348816,0.9375,41.20666666666666,15.679837017293544,15.0,128.0,1.4789251188437145,0.6796045700709025,0.014327342932422956,0.0023985467608630038,0.028522945295466274,0.8283055541912715,0.0653326528209996,0.46666666865348816,0.9375
414,2623456,884.7072695580073,81,0.8189311589019886,0.07230657407406825,0.5041666626930237,0.9458333253860474,43.45652173913044,17.353577739632524,13.0,119.0,1.4934652149677277,0.6545147101084391,0.019610446722557146,0.0026208400280059627,0.030554838673140215,0.8189311589019886,0.07230657407406825,0.5041666626930237,0.9458333253860474
415,2629600,887.9741226450803,88,0.8222120108411592,0.08778120058053943,0.3583333194255829,0.949999988079071,42.669117647058826,21.067487896763506,12.0,154.0,1.4698322316010792,0.6517757351199785,0.00507505658606533,0.0033616318833082914,0.03267346968631631,0.8222120108411592,0.08778120058053943,0.3583333194255829,0.949999988079071
416,2635744,900.3009472202324,94,0.8129196647259829,0.07066879544974627,0.6083333492279053,0.925000011920929,44.89928057553957,16.96051061571372,18.0,94.0,1.4840075472990673,0.6423762192328771,0.008650845595790694,0.002738497384901469,0.028875466851492892,0.8129196647259829,0.07066879544974627,0.6083333492279053,0.925000011920929
417,2641887,754.0370999026592,8,0.8072048587103685,0.08285775516499173,0.5208333134651184,0.9208333492279053,46.270833333333336,19.88586137533119,19.0,115.0,1.5163010209798813,0.6106990004579226,0.018437869458769757,0.0033534170943312347,0.03232987200267721,0.8072048587103685,0.08285775516499173,0.5208333134651184,0.9208333492279053
418,2648031,760.743712967706,16,0.7897357763798256,0.11401394359538779,0.2874999940395355,0.9166666865348816,50.46341463414634,27.363346406308853,20.0,171.0,1.5372158288955688,0.602851390838623,0.010871133767068386,0.004430798930115998,0.03483458968041136,0.7897357763798256,0.11401394359538779,0.2874999940395355,0.9166666865348816
419,2654175,765.1143607061588,24,0.786951753915402,0.11544039233922741,0.15833333134651184,0.9333333373069763,51.13157894736842,27.705694252231854,16.0,202.0,1.5568203181028366,0.5897242253025373,0.011224988362907121,0.0041777078780190395,0.0344455476438101,0.786951753915402,0.11544039233922741,0.15833333134651184,0.9333333373069763
420,2660319,758.9502332486525,32,0.7403619534740544,0.14841172653824158,0.0,0.9458333253860474,62.07070707070707,34.471845494885876,13.0,216.0,1.5870673060417175,0.560537318388621,0.023036250301326316,0.005206458057121684,0.038991570538269855,0.7403619534740544,0.14841172653824158,0.0,0.9458333253860474
421,2666463,776.3713943194126,40,0.744296117749029,0.1380328155304518,0.0,0.925000011920929,61.13592233009709,31.933501458678833,18.0,216.0,1.6008824010690053,0.5493263577421507,0.012594116056182733,0.004689156582268576,0.034708652585106255,0.744296117749029,0.1380328155304518,0.0,0.925000011920929
422,2672607,790.5669634183749,48,0.7508078232711676,0.13592774828935608,0.125,0.925000011920929,59.80612244897959,32.622659635586,18.0,210.0,1.6192436814308167,0.533561460673809,0.00939452659804374,0.005170022593423103,0.03867589555081064,0.7508078232711676,0.13592774828935608,0.125,0.925000011920929
423,2678751,809.6838223751937,56,0.709968356014807,0.1744924567413991,0.0,0.887499988079071,69.0,39.508691560981354,27.0,216.0,1.6385238269964855,0.49667466059327126,0.019395163903633755,0.005054729990661144,0.041772700672629004,0.709968356014807,0.1744924567413991,0.0,0.887499988079071
424,2684895,809.1422585910242,63,0.6942439862747782,0.21200750264530965,0.0,0.9291666746139526,72.3917525773196,47.76954054776922,17.0,216.0,1.6236477096875508,0.5023239254951477,0.012610755094404643,0.0067019770115924375,0.043216478361330225,0.6942439862747782,0.21200750264530965,0.0,0.9291666746139526
425,2691039,831.4289564357915,71,0.7249537052379714,0.15199229058011787,0.0,0.925000011920929,65.74444444444444,35.273081052178874,18.0,216.0,1.581206093231837,0.4977576322853565,0.0002442545131392156,0.006200540849628548,0.041122952703003486,0.7249537052379714,0.15199229058011787,0.0,0.925000011920929
426,2697183,865.5088656894325,78,0.7222807027791676,0.19793872741771004,0.0,0.9041666388511658,65.38947368421053,42.983055348490666,23.0,216.0,1.6002097477515538,0.48168790464599925,-0.0010437839470493298,0.006539474493668725,0.046662968099308345,0.7222807027791676,0.19793872741771004,0.0,0.9041666388511658
427,2703327,957.491752893908,84,0.7429800699262515,0.146121519127161,0.0,0.9166666865348816,61.42391304347826,33.80835814322051,20.0,216.0,1.5703742951154709,0.4847859765092532,-0.01263571215289024,0.007080390215075265,0.047880136643935235,0.7429800699262515,0.146121519127161,0.0,0.9166666865348816
428,2709471,953.0584895376163,91,0.7282142853453046,0.20178621773981456,0.0,0.9208333492279053,64.54285714285714,46.061248783069075,19.0,216.0,1.552644893527031,0.5063721512754759,-0.009514399357916167,0.008860699114544937,0.04809188484418083,0.7282142853453046,0.20178621773981456,0.0,0.9208333492279053
429,2715615,939.1558930841046,97,0.7598809524661019,0.13656822041271652,0.11249999701976776,0.925000011920929,57.628571428571426,32.77637277437663,18.0,213.0,1.5382091055313747,0.5199193755785624,-0.014755995129235089,0.006955381909695764,0.0478850592155618,0.7598809524661019,0.13656822041271652,0.11249999701976776,0.925000011920929
430,2721758,755.1312032434846,8,0.8044607849682078,0.07254080456840427,0.5583333373069763,0.9208333492279053,46.92941176470588,17.409793211120554,19.0,106.0,1.5138517618179321,0.5271610220273336,-0.019493576139211655,0.005614268709905446,0.041531460038256925,0.8044607849682078,0.07254080456840427,0.5583333373069763,0.9208333492279053
431,2727902,758.853595708054,16,0.7634782600661982,0.17398196784737874,0.0,0.925000011920929,56.13913043478261,39.09895738774979,18.0,216.0,1.5002995282411575,0.5414644951621691,-0.006534639896320489,0.007261398539412767,0.04964167519957452,0.7634782600661982,0.17398196784737874,0.0,0.925000011920929
432,2734046,758.301954959699,24,0.782795699854051,0.13450527317005836,0.0,0.9458333253860474,51.74193548387097,30.096048119029415,13.0,216.0,1.4830828408400218,0.5681558921933174,-0.013822030004424354,0.006073437922168523,0.045047787081747,0.782795699854051,0.13450527317005836,0.0,0.9458333253860474
433,2740190,766.4810147274634,32,0.78982188137433,0.12564629623962392,0.0,0.9458333253860474,50.25954198473283,29.05577363398902,13.0,216.0,1.4925418694814045,0.5937472631533941,-0.013005845539737493,0.005273365648463368,0.04137706564614777,0.78982188137433,0.12564629623962392,0.0,0.9458333253860474
434,2746334,767.8808168383213,40,0.8042002708440826,0.10117130970623991,0.10833333432674408,0.925000011920929,46.99193548387097,24.281114381525835,18.0,214.0,1.4450370868047078,0.6069537351528803,-0.006299880903194814,0.00512851239182055,0.04059505175089366,0.8042002708440826,0.10117130970623991,0.10833333432674408,0.925000011920929
435,2752478,784.8909138301391,48,0.8100409859516582,0.10652354724042364,0.0,0.9458333253860474,45.39344262295082,24.12044822499318,13.0,216.0,1.4642632404963176,0.5962907150387764,-0.0049451377635705285,0.004940948594594374,0.044096814335506745,0.8100409859516582,0.10652354724042364,0.0,0.9458333253860474
436,2758622,802.2584377714492,56,0.7804133850993134,0.1697220874973794,0.0,0.9416666626930237,52.32283464566929,39.07108036769194,14.0,216.0,1.500141014655431,0.583195353547732,0.004021278521880352,0.007228767751560857,0.050608307995618114,0.7804133850993134,0.1697220874973794,0.0,0.9416666626930237
437,2764766,805.5133345824042,63,0.7705409380427578,0.15409821444552896,0.0,0.9333333373069763,54.64912280701754,34.95686124859238,16.0,216.0,1.5297975142796834,0.5749208033084869,0.006956616990161517,0.006664272805210203,0.04622659373820157,0.7705409380427578,0.15409821444552896,0.0,0.9333333373069763
438,2770910,802.7235047829229,71,0.7842672441540093,0.1299776252291068,0.0,0.9291666746139526,51.56896551724138,30.002363164950346,17.0,216.0,1.5050282776355743,0.5710939317941666,0.0031492938336062557,0.005823233261859666,0.0434380656805309,0.7842672441540093,0.1299776252291068,0.0,0.9291666746139526
439,2777054,817.9365869280867,79,0.7686363613063639,0.1482310557711641,0.0,0.9375,55.09090909090909,33.39013067429178,15.0,216.0,1.5061222463846207,0.5622377792994181,0.005607762504951097,0.005866172121992956,0.041912553279921216,0.7686363613063639,0.1482310557711641,0.0,0.9375
440,2783198,813.4094256026307,86,0.7752232128488166,0.13856106532348442,0.0,0.9291666746139526,53.732142857142854,32.112798445161886,17.0,216.0,1.5381041864554088,0.559977188706398,-0.000833178695756942,0.005897053808439523,0.043758913803337705,0.7752232128488166,0.13856106532348442,0.0,0.9291666746139526
441,2789342,827.4598204831998,94,0.7719362740423165,0.1169536123798394,0.0,0.9166666865348816,54.5,26.57573343942058,20.0,216.0,1.5280851324399312,0.5411961277325948,0.005420929873556209,0.005393290581802527,0.044410015305469584,0.7719362740423165,0.1169536123798394,0.0,0.9166666865348816
442,2795486,846.385419857332,101,0.7295751638856589,0.2114847513521264,0.0,0.9208333492279053,63.490196078431374,45.97500281974194,19.0,216.0,1.5462055454651515,0.5257899959882101,0.008868272373850536,0.0077556778366367025,0.05076185912805151,0.7295751638856589,0.2114847513521264,0.0,0.9208333492279053
443,2801629,756.8470146489927,8,0.8057692312932276,0.0797962012018419,0.5,0.9333333373069763,46.61538461538461,19.151087669320642,16.0,120.0,1.5279774616161983,0.551179530719916,-0.0057939578012640896,0.005440768378321081,0.041147630209864276,0.8057692312932276,0.0797962012018419,0.5,0.9333333373069763
444,2807773,765.129058569962,16,0.7758620653686852,0.13290218425908776,0.2541666626930237,0.9416666626930237,53.793103448275865,31.896523765132198,14.0,179.0,1.4964475135008495,0.5632390429576238,-0.009167291786676893,0.0063220332958735526,0.04525578332001612,0.7758620653686852,0.13290218425908776,0.2541666626930237,0.9416666626930237
445,2813917,765.1388498868985,24,0.7617187490686774,0.14876676889742801,0.0,0.9458333253860474,56.75892857142857,33.58843485479635,13.0,216.0,1.5376293112834294,0.5566395471493403,0.0017078992908257835,0.006258086165568481,0.045131281876393405,0.7617187490686774,0.14876676889742801,0.0,0.9458333253860474
446,2820061,764.6118610153518,32,0.7782178211330187,0.13822240051845006,0.20000000298023224,0.9125000238418579,53.227722772277225,33.17337629506882,21.0,192.0,1.5616674721240997,0.5455329914887747,0.0038442619018799937,0.005827606054178129,0.04197013607041936,0.7782178211330187,0.13822240051845006,0.20000000298023224,0.9125000238418579
447,2826205,767.1727746081918,40,0.7469696953892708,0.182811678394797,0.0,0.9291666746139526,60.07272727272727,41.298846360931215,17.0,216.0,1.539211705327034,0.5500696500142416,0.0025131725233222824,0.00720570176296557,0.05019002574324783,0.7469696953892708,0.182811678394797,0.0,0.9291666746139526
448,2832349,765.3253416563667,48,0.7693750013907751,0.14778226505339304,0.0,0.925000011920929,54.95,33.461632257457694,18.0,216.0,1.5027847637732823,0.5703367640574774,-0.0033707474673671336,0.006299841275904328,0.039025524776724003,0.7693750013907751,0.14778226505339304,0.0,0.925000011920929
449,2838493,777.6397207271413,56,0.769212964784216,0.14182751598792984,0.0,0.9333333373069763,55.166666666666664,32.89165716577854,16.0,216.0,1.5134400775035222,0.5550657485922178,-0.0001539890314840401,0.0058636719089311855,0.04327973906854395,0.769212964784216,0.14182751598792984,0.0,0.9333333373069763
450,2844637,830.8250825197424,63,0.7701834866759973,0.14297067497418395,0.0,0.9208333492279053,54.71559633027523,32.01493107598943,19.0,216.0,1.5200117727120717,0.5580413515369097,0.0006002105971371444,0.005449973570648581,0.043213874339843285,0.7701834866759973,0.14297067497418395,0.0,0.9208333492279053
451,2850781,930.52156640073,70,0.7687684384594976,0.15444110102035222,0.0,0.9458333253860474,55.07079646017699,35.03063559713272,13.0,216.0,1.529583916068077,0.5552027101318041,0.00020986958649397516,0.006125634283913921,0.04299498853576301,0.7687684384594976,0.15444110102035222,0.0,0.9458333253860474
452,2856925,958.5522773173485,76,0.776572327568846,0.1478991750077636,0.0,0.9375,53.16981132075472,33.19367742084503,15.0,216.0,1.531769757469495,0.5484278276562691,0.0013506072500604205,0.006032801912321399,0.0418067752609565,0.776572327568846,0.1478991750077636,0.0,0.9375
453,2863069,933.8228642308331,83,0.7368986259416207,0.21346513752179255,0.0,0.925000011920929,61.65979381443299,46.18449925128027,18.0,216.0,1.544443964958191,0.5294891099135081,0.014876902365358546,0.007764159333116065,0.04762610837459288,0.7368986259416207,0.21346513752179255,0.0,0.925000011920929
454,2869213,939.0942549514914,90,0.7233173057723504,0.22018873632572297,0.0,0.9208333492279053,65.25,49.17702520173732,19.0,216.0,1.5412105023860931,0.5221583942572275,0.0073612644531143205,0.008568663363500187,0.05139239592015071,0.7233173057723504,0.22018873632572297,0.0,0.9208333492279053
455,2875357,941.8599970921633,96,0.769417477464213,0.13748290199278848,0.0,0.925000011920929,55.10679611650485,31.752352598829166,18.0,216.0,1.5584814647833507,0.5334114581346512,-0.0013506982213584706,0.006625163252465427,0.042015615800075845,0.769417477464213,0.13748290199278848,0.0,0.925000011920929
456,2881500,766.3669974223167,8,0.7898148175269838,0.09154867857466362,0.49166667461395264,0.9208333492279053,50.44444444444444,21.97168291433734,19.0,122.0,1.6133901923894882,0.49216388165950775,0.008534735951495046,0.005561467551160604,0.038079347600814904,0.7898148175269838,0.09154867857466362,0.49166667461395264,0.9208333492279053
457,2887644,759.6375742420944,16,0.6944444459345606,0.23836910641578257,0.0,0.9208333492279053,72.0,53.4658769683992,19.0,216.0,1.6140184948841731,0.47296224534511566,0.01859637148057421,0.008874115359503776,0.05414523181967073,0.6944444459345606,0.23836910641578257,0.0,0.9208333492279053
458,2893788,764.8418142827061,24,0.6991950742561709,0.24277344108789212,0.0,0.9375,70.82954545454545,54.480234445603614,15.0,216.0,1.6059680581092834,0.4623924605548382,0.004979571943598178,0.008952540539515516,0.049001418429242743,0.6991950742561709,0.24277344108789212,0.0,0.9375
459,2899932,764.0107059557148,32,0.6672149131956854,0.2566177670189313,0.0,0.925000011920929,77.65789473684211,55.976158607124624,18.0,216.0,1.6344945927460988,0.43643393740057945,0.021225559758022428,0.009110221658678105,0.05056267799736127,0.6672149131956854,0.2566177670189313,0.0,0.925000011920929
460,2906076,761.3574381465494,40,0.6852880675851563,0.2722033930291741,0.0,0.9208333492279053,73.1604938271605,59.493013759397726,19.0,216.0,1.6127142409483592,0.4291369753579299,0.008368430101351501,0.010099686604614059,0.05548856773098825,0.6852880675851563,0.2722033930291741,0.0,0.9208333492279053
461,2912220,766.0910072508673,48,0.6893939394503832,0.24004806004886142,0.0,0.9416666626930237,72.9090909090909,53.04899886889229,14.0,216.0,1.5739234934250514,0.4430285021662712,-0.006722092788550071,0.009507195577801516,0.059487977727976954,0.6893939394503832,0.24004806004886142,0.0,0.9416666626930237
462,2918364,810.7612456697327,56,0.6973404259757793,0.26903511805012925,0.0,0.9291666746139526,70.34042553191489,58.73498960648789,17.0,216.0,1.560759539405505,0.4331333103279273,-0.012774515096680261,0.011386967807387313,0.06015561002450596,0.6973404259757793,0.26903511805012925,0.0,0.9291666746139526
463,2924508,805.1473262422132,63,0.7516843956360157,0.20849667335020042,0.0,0.9416666626930237,58.57446808510638,46.46400788752931,14.0,216.0,1.5130487730105717,0.46176302681366604,-0.018973777507198974,0.010366494612147411,0.05811647835638568,0.7516843956360157,0.20849667335020042,0.0,0.9416666626930237
464,2930652,837.0966569444258,71,0.735259435649188,0.22336434955958193,0.0,0.9375,62.405660377358494,50.001090233752926,15.0,216.0,1.4729444533586502,0.46593474100033444,-0.0157712589619526,0.012069863810514411,0.06681229757679878,0.735259435649188,0.22336434955958193,0.0,0.9375
465,2936796,850.1823675189197,78,0.7411036037646972,0.222682627087736,0.0,0.9375,60.83783783783784,49.23624617766262,15.0,216.0,1.4961223502953847,0.4851849116384983,-0.011874025755484277,0.011898234874630967,0.06500728625515334,0.7411036037646972,0.222682627087736,0.0,0.9375
466,2942940,854.4641441468445,85,0.765583333671093,0.21087171803456548,0.0,0.9416666626930237,55.06,46.343029680848446,14.0,216.0,1.5258500029643376,0.48637522011995316,-0.009930074874622127,0.010161611445558568,0.059698435309831155,0.765583333671093,0.21087171803456548,0.0,0.9416666626930237
467,2949084,918.3457141437792,92,0.7415391145920267,0.22845161574444448,0.0,0.9416666626930237,60.80612244897959,50.97251323382791,14.0,216.0,1.5051080634196599,0.4840964650114377,-0.0070565175798644,0.010905466469315192,0.059637007678444216,0.7415391145920267,0.22845161574444448,0.0,0.9416666626930237
468,2955228,908.4675416388534,99,0.7414308162230365,0.24702025993134213,0.0,0.925000011920929,60.0188679245283,53.237626985246926,18.0,216.0,1.47653762002786,0.4861293373008569,-0.010035090517097464,0.010647211243243268,0.0597916370795711,0.7414308162230365,0.24702025993134213,0.0,0.925000011920929
469,2961371,761.6305003507163,8,0.8284523827689034,0.07122663112670549,0.5375000238418579,0.9333333373069763,41.17142857142857,17.094391808207657,16.0,111.0,1.4184074054161708,0.55044736713171,-0.02928129688370973,0.008110568509437144,0.057824910038339804,0.8284523827689034,0.07122663112670549,0.5375000238418579,0.9333333373069763
470,2967515,777.0273558227126,16,0.7918876259390152,0.15116107945381344,0.0,0.9291666746139526,49.583333333333336,34.44583839636194,17.0,216.0,1.401242310802142,0.5728125323851904,-0.0203911573626101,0.008317167890102914,0.05322511483421833,0.7918876259390152,0.15116107945381344,0.0,0.9291666746139526
471,2973659,775.7122195923462,24,0.8076666667461395,0.11555950864376474,0.0,0.9541666507720947,45.968,26.444791093899756,11.0,216.0,1.4077433794736862,0.5853643442193667,-0.01027540976065211,0.006729123531840742,0.05038463310429373,0.8076666667461395,0.11555950864376474,0.0,0.9541666507720947
472,2979803,784.522623055685,32,0.7930970126345976,0.1705396575443059,0.0,0.9458333253860474,48.940298507462686,37.67194632892493,13.0,216.0,1.413883810242017,0.5916234776377678,-0.00918910106702242,0.0075845487881451845,0.04750642694194953,0.7930970126345976,0.1705396575443059,0.0,0.9458333253860474
473,2985947,775.52476299217,40,0.8191789210609653,0.09833982274921045,0.12083332985639572,0.9416666626930237,43.39705882352941,23.60155759184647,14.0,211.0,1.3693083822727203,0.6084024707476298,-0.021949037987117965,0.005258088931441307,0.04409568500063423,0.8191789210609653,0.09833982274921045,0.12083332985639572,0.9416666626930237
474,2992091,787.7043993396437,47,0.8073214286140034,0.12670158547746044,0.0,0.9375,46.07142857142857,29.36534470064595,15.0,216.0,1.3795866966247559,0.6235198726256689,-0.010361309599829838,0.005581378471106291,0.040664118305738996,0.8073214286140034,0.12670158547746044,0.0,0.9375
475,2998235,814.6401070262533,55,0.8228025107759319,0.12345717924984478,0.0,0.949999988079071,42.1986301369863,27.49286828147717,12.0,216.0,1.3842346171538036,0.6296402588486671,-0.009471015306189656,0.005296512021838377,0.03814082938951772,0.8228025107759319,0.12345717924984478,0.0,0.949999988079071
476,3004379,813.9674651220813,62,0.8258884807719904,0.10108102380155157,0.0,0.9416666626930237,41.61029411764706,22.864103896114504,14.0,216.0,1.385029171903928,0.6343678707877795,-0.0016598042542076048,0.004986778270297994,0.041180537250295544,0.8258884807719904,0.10108102380155157,0.0,0.9416666626930237
477,3010523,826.6914550666355,70,0.8057432429411927,0.1288287545449407,0.0,0.949999988079071,46.2972972972973,28.952071171642118,12.0,216.0,1.4113236566384633,0.636738064388434,-0.002079772273039756,0.004835438022079567,0.03503478559370086,0.8057432429411927,0.1288287545449407,0.0,0.949999988079071
478,3016667,840.5609110562359,77,0.8159946222459117,0.07419744349152362,0.5,0.9375,44.16129032258065,17.807386604718456,15.0,120.0,1.4958752244710922,0.6288732637961706,0.011126145953312516,0.0036942931377173713,0.03573567284195397,0.8159946222459117,0.07419744349152362,0.5,0.9375
479,3022811,845.6765344338348,84,0.7742803042585199,0.15382934078528931,0.0,0.9208333492279053,53.518181818181816,33.690228369711384,19.0,216.0,1.5182742377122243,0.6029115294416746,0.022307552009200055,0.00495577971256959,0.04505833254875218,0.7742803042585199,0.15382934078528931,0.0,0.9208333492279053
480,3028955,845.4109460391113,92,0.7781553384893148,0.13164442275316915,0.1041666641831398,0.9291666746139526,53.24271844660194,31.594661592644687,17.0,215.0,1.5571690996487935,0.5769925663868586,0.020715074924131233,0.0052136941424881416,0.03832754927468733,0.7781553384893148,0.13164442275316915,0.1041666641831398,0.9291666746139526
481,3035099,855.4337427662269,99,0.728888890289125,0.21601647510511784,0.0,0.9208333492279053,63.695238095238096,47.31819821259224,19.0,216.0,1.5861155192057292,0.5507913728555044,0.022688761935569346,0.006925963583247115,0.04467874217543819,0.728888890289125,0.21601647510511784,0.0,0.9208333492279053
482,3041242,763.7882923967453,8,0.7908234135026023,0.08600330526004503,0.5166666507720947,0.9333333373069763,50.20238095238095,20.64079395961906,16.0,116.0,1.5504984905322392,0.545816866060098,0.007538358787617956,0.00519111337295423,0.04000336422922313,0.7908234135026023,0.08600330526004503,0.5166666507720947,0.9333333373069763
483,3047386,777.9411221178224,16,0.7421666649729013,0.19228638789021774,0.0,0.925000011920929,61.16,43.47383580959932,18.0,216.0,1.5671777725219727,0.537620022892952,0.009294208597566467,0.007354403108668824,0.04578687328271156,0.7421666649729013,0.19228638789021774,0.0,0.925000011920929
484,3053530,776.128659920992,24,0.7531650630900493,0.1701405734470337,0.0,0.9208333492279053,58.54807692307692,37.85825786548382,19.0,216.0,1.5556544313828151,0.5355957796176275,0.002290692068830443,0.00668009453996395,0.04177400388259156,0.7531650630900493,0.1701405734470337,0.0,0.9208333492279053
485,3059674,792.379415923061,31,0.7533934697047951,0.14504429328185992,0.0,0.9375,58.93814432989691,33.58841676659359,15.0,216.0,1.551921899120013,0.5091677022476991,0.0030082003577263094,0.0063265807887849706,0.044632067729683055,0.7533934697047951,0.14504429328185992,0.0,0.9375
486,3065818,777.571439610708,39,0.7384040857542236,0.20516059230240677,0.0,0.9458333253860474,61.87735849056604,46.090702789049175,13.0,216.0,1.5091688483953476,0.5180505452056726,-0.005694746961429094,0.009275951519763717,0.05627917131764004,0.7384040857542236,0.20516059230240677,0.0,0.9458333253860474
487,3071962,799.151354216782,47,0.7670903966083364,0.1619643764335375,0.0,0.9208333492279053,55.28813559322034,36.06376219949347,19.0,216.0,1.4842472970485687,0.5411595876018206,-0.008562861097743735,0.007563456795954456,0.05128352040642694,0.7670903966083364,0.1619643764335375,0.0,0.9208333492279053
488,3078106,800.451877504149,55,0.7828985522622648,0.14591392534934652,0.0,0.9291666746139526,51.68695652173913,32.853393767487525,17.0,216.0,1.470488727092743,0.5472060044606527,-0.010077790745223561,0.007418858527671546,0.045873624050161294,0.7828985522622648,0.14591392534934652,0.0,0.9291666746139526
489,3084250,787.439825892887,63,0.7619193981661171,0.190544734436247,0.0,0.9416666626930237,56.15573770491803,41.88333141818234,14.0,216.0,1.459750697016716,0.5558369035522143,-0.009121511286745468,0.008063022823383411,0.04824727779160065,0.7619193981661171,0.190544734436247,0.0,0.9416666626930237
490,3090394,823.1450005395043,70,0.8099726787844642,0.08912835109187613,0.42500001192092896,0.9458333253860474,45.60655737704918,21.390804435033655,13.0,138.0,1.406815419594447,0.5764167259136835,-0.024345298336508375,0.00575753014224271,0.040902632434526055,0.8099726787844642,0.08912835109187613,0.42500001192092896,0.9458333253860474
491,3096538,889.5346223180517,77,0.802506038784117,0.1576713046214825,0.0,0.9333333373069763,46.8768115942029,35.25938109285896,16.0,216.0,1.4433050403992336,0.6000449135899544,-0.013588388780287156,0.007401675451546907,0.0424249743210885,0.802506038784117,0.1576713046214825,0.0,0.9333333373069763
492,3102682,888.2588341839761,84,0.8065915293380862,0.07969310250349183,0.5666666626930237,0.9416666626930237,46.41803278688525,19.12634444601941,14.0,104.0,1.4705379754304886,0.6018106664220492,0.002838231031394874,0.004930158611387014,0.03700593326752799,0.8065915293380862,0.07969310250349183,0.5666666626930237,0.9416666626930237
493,3108826,917.7590715583657,91,0.7777447083166668,0.16863190142420012,0.0,0.9333333373069763,52.76984126984127,37.92121379294656,16.0,216.0,1.4880125224590302,0.6015267993013064,0.0052874246224140125,0.006060846246934186,0.041056547576943186,0.7777447083166668,0.16863190142420012,0.0,0.9333333373069763
494,3114970,905.5344910066774,97,0.7985619475356246,0.08386220304287774,0.5166666507720947,0.9208333492279053,48.34513274336283,20.126929044690097,19.0,116.0,1.5120297372341156,0.5906991437077522,0.007172105125694846,0.0038472953310701996,0.0317525426218738,0.7985619475356246,0.08386220304287774,0.5166666507720947,0.9208333492279053
495,3121113,764.9103754189118,8,0.8089052280958962,0.07615093378910297,0.5,0.9333333373069763,45.86274509803921,18.276224357841595,16.0,120.0,1.5166318515936534,0.590367004275322,0.0018037509823140379,0.003758595538480828,0.03152312903711046,0.8089052280958962,0.07615093378910297,0.5,0.9333333373069763
496,3127257,770.3708216107731,16,0.7701452593190954,0.1441150566880349,0.0,0.9333333373069763,54.944954128440365,33.46854880246303,16.0,216.0,1.533415084083875,0.5718426133195559,0.010550799139309675,0.005405345533896859,0.04333078970040218,0.7701452593190954,0.1441150566880349,0.0,0.9333333373069763
497,3133401,779.2276400105386,24,0.7602102081249426,0.14543944897099567,0.0,0.9375,57.333333333333336,33.83247901996891,15.0,216.0,1.5150112907091777,0.5640428811311722,0.0037948090393911116,0.0054622542423506575,0.03777571826074467,0.7602102081249426,0.14543944897099567,0.0,0.9375
498,3139545,798.8910234284249,31,0.775393082848135,0.10389985998858527,0.36250001192092896,0.9375,53.905660377358494,24.93596640979284,15.0,153.0,1.4912756532430649,0.5568725913763046,-0.0002461168623995036,0.00429897615686059,0.035146188846405836,0.775393082848135,0.10389985998858527,0.36250001192092896,0.9375
499,3145689,791.5371586216608,39,0.7888771200836715,0.11284610788033,0.10833333432674408,0.9291666746139526,50.66949152542373,27.083065909595383,17.0,214.0,1.4832701583703358,0.5657385513186455,-0.003750178038899321,0.005138195236213505,0.037686169641229915,0.7888771200836715,0.11284610788033,0.10833333432674408,0.9291666746139526
500,3151833,832.8057976134648,47,0.7642909351148104,0.19446295462271113,0.0,0.9416666626930237,55.728070175438596,43.45985949705599,14.0,216.0,1.5223743220170338,0.5671313752730688,0.000308336418432494,0.007414488820359111,0.05034413581521657,0.7642909351148104,0.19446295462271113,0.0,0.9416666626930237
501,3157977,867.392215632452,54,0.7727339173618116,0.15802730942145637,0.0,0.9416666626930237,53.91228070175438,34.91306531781646,14.0,216.0,1.5154780993858974,0.5565185820062956,0.0045060840105482685,0.006158450346750517,0.042175209582492566,0.7727339173618116,0.15802730942145637,0.0,0.9416666626930237
502,3164121,835.241772441265,61,0.763901179870673,0.15298931701734433,0.0,0.9375,56.23893805309734,34.67606716844485,15.0,216.0,1.4955446024735768,0.5620896940430006,-0.003163942848914303,0.006138103606645018,0.04246144109931055,0.763901179870673,0.15298931701734433,0.0,0.9375
503,3170265,838.1761803152191,68,0.792286502181991,0.09345190776482562,0.3958333432674408,0.925000011920929,49.85123966942149,22.428457851660593,18.0,145.0,1.475540931026141,0.5724398717284203,-0.013113074193825014,0.005080823456713309,0.03724531087319507,0.792286502181991,0.09345190776482562,0.3958333432674408,0.925000011920929
504,3176409,844.178132966439,76,0.7969230773357244,0.120548462824295,0.0,0.925000011920929,48.55384615384615,27.76357922460551,18.0,216.0,1.4537912706534069,0.5867116500933965,-0.014525628629295776,0.005079164130923648,0.03583182836762758,0.7969230773357244,0.120548462824295,0.0,0.925000011920929
505,3182553,842.7650352209463,83,0.7793091170044026,0.1448813370045279,0.0,0.9291666746139526,52.76068376068376,33.72251006379206,17.0,216.0,1.4829411456982295,0.5821477721134821,0.001611520895191158,0.006452404234247903,0.0454242451624727,0.7793091170044026,0.1448813370045279,0.0,0.9291666746139526
506,3188697,837.5180992711879,90,0.7919270840939134,0.1373250448291502,0.0,0.9291666746139526,49.5625,30.86329484598169,17.0,216.0,1.4701609015464783,0.5827951580286026,-0.0049999838981117746,0.006035839401495953,0.04814231220769264,0.7919270840939134,0.1373250448291502,0.0,0.9291666746139526
507,3194841,832.237979115738,98,0.7855457212545175,0.1173888178135417,0.0,0.9375,51.256637168141594,26.80865623018716,15.0,216.0,1.490280658006668,0.5794793243209521,-0.005038824529037811,0.004695595484614993,0.038147321037829536,0.7855457212545175,0.1173888178135417,0.0,0.9375
508,3200984,771.1503363192669,8,0.8139408080377312,0.07382275923622841,0.5874999761581421,0.9375,44.654205607476634,17.717462110056193,15.0,99.0,1.4482961098353069,0.5945117870966593,-0.011969321426780274,0.003931188422332828,0.033505709965046905,0.8139408080377312,0.07382275923622841,0.5874999761581421,0.9375
509,3207128,777.5333857184223,16,0.8092731835698723,0.08550066379559605,0.4625000059604645,0.9458333253860474,45.774436090225564,20.520159367594577,13.0,129.0,1.425727014740308,0.6015672534704208,-0.014046665261654804,0.003943182353395969,0.03385070932635909,0.8092731835698723,0.08550066379559605,0.4625000059604645,0.9458333253860474
510,3213272,763.8757976515842,24,0.8092218120308483,0.08610644374113569,0.36250001192092896,0.9291666746139526,45.786764705882355,20.665546806871326,17.0,153.0,1.4577260414759319,0.6122719347476959,-0.006245772406449153,0.004323104192735627,0.03892936674334908,0.8092218120308483,0.08610644374113569,0.36250001192092896,0.9291666746139526
511,3219416,776.8014681991124,32,0.8005448747139711,0.11143176198394386,0.0,0.9375,47.684615384615384,25.469147131800504,15.0,216.0,1.4601876338322957,0.6159001489480337,-0.001522961763839703,0.004629927435113738,0.03820997705412816,0.8005448747139711,0.11143176198394386,0.0,0.9375
512,3225560,787.7704019108637,39,0.8054361990652978,0.1085454149770883,0.15000000596046448,0.925000011920929,46.6953125,26.050899274830105,18.0,204.0,1.4798523883024852,0.6114748939871788,-0.0011569526929330702,0.00470544389099814,0.03750239164407637,0.8054361990652978,0.1085454149770883,0.15000000596046448,0.925000011920929
513,3231704,803.3074378543292,47,0.8042297995451725,0.09356249878931802,0.30000001192092896,0.9333333373069763,46.984848484848484,22.455000404338925,16.0,168.0,1.4637925227483113,0.6204221198956171,-0.0037828977268266803,0.004140167429189508,0.03373773558221759,0.8042297995451725,0.09356249878931802,0.30000001192092896,0.9333333373069763
514,3237848,786.6587453567473,55,0.8042901237805684,0.10486364636508229,0.0,0.9375,46.79259259259259,23.853595519426197,15.0,216.0,1.460721731185913,0.6131801083683968,-0.0014447044001523561,0.004431975462163488,0.038660622988107074,0.8042901237805684,0.10486364636508229,0.0,0.9375
515,3243992,809.3285284542857,63,0.7977034116354514,0.09475198541205468,0.3333333432674408,0.9416666626930237,48.55118110236221,22.740476473867922,14.0,160.0,1.4653034657239914,0.6120728900035223,0.0018485443482253079,0.00389424142971014,0.032195502743196984,0.7977034116354514,0.09475198541205468,0.3333333432674408,0.9416666626930237
516,3250136,919.6866794557741,69,0.8083007819950581,0.10652346196943498,0.0,0.9291666746139526,45.8203125,24.193372540891104,17.0,216.0,1.4502655565738678,0.6157294784983,-2.434902125969529e-05,0.004489216905009623,0.041272925475288304,0.8083007819950581,0.10652346196943498,0.0,0.9291666746139526
517,3256280,910.7203406042261,76,0.7991346175854023,0.10888505580845682,0.0,0.9416666626930237,48.02307692307692,24.829097503538797,14.0,216.0,1.4663347353537877,0.603719358642896,-0.0016893378536527355,0.004788192144284646,0.038535122813516356,0.7991346175854023,0.10888505580845682,0.0,0.9416666626930237
518,3262424,898.9083456723425,83,0.7992724837764861,0.11249029870119698,0.0,0.9333333373069763,47.98412698412698,25.696946927226595,16.0,216.0,1.4791536231835682,0.5989300236105919,-0.0027243840595474467,0.004829176565787445,0.03795393212196766,0.7992724837764861,0.11249029870119698,0.0,0.9333333373069763
519,3268568,927.7954614867083,89,0.7898712734865948,0.13573493491810273,0.0,0.9416666626930237,50.040650406504064,30.372323295085597,14.0,216.0,1.485599269469579,0.5947740202148756,0.001114026961052635,0.0051629091807020204,0.03905585447904034,0.7898712734865948,0.13573493491810273,0.0,0.9416666626930237
520,3274712,901.4760593841119,96,0.7809626434383721,0.13306279244548083,0.0,0.925000011920929,52.36206896551724,30.7768376161427,18.0,216.0,1.481993446747462,0.5786814267436663,0.010248761158436537,0.005709705311649789,0.041912296130508925,0.7809626434383721,0.13306279244548083,0.0,0.925000011920929
521,3280855,778.0926035077116,8,0.840236319979625,0.06050742518800408,0.6708333492279053,0.9416666626930237,38.343283582089555,14.521782135201855,14.0,79.0,1.4093311429023743,0.6277737816174825,-0.02712364463756482,0.0035801503399852663,0.03723420158749702,0.840236319979625,0.06050742518800408,0.6708333492279053,0.9416666626930237
522,3286999,769.2140514537973,16,0.8498073220252991,0.06204606487632561,0.512499988079071,0.9416666626930237,36.04624277456647,14.891055246210215,14.0,117.0,1.312930812438329,0.6698052858312925,-0.03420797300835451,0.003231881622923538,0.032720930081940026,0.8498073220252991,0.06204606487632561,0.512499988079071,0.9416666626930237
523,3293143,782.5721101809186,24,0.8560584297125367,0.05344263797146353,0.6041666865348816,0.9416666626930237,34.54597701149425,12.826233037431763,14.0,95.0,1.318081572651863,0.6872787674268087,-0.020720055637260277,0.002774594739700357,0.028290829073738016,0.8560584297125367,0.05344263797146353,0.6041666865348816,0.9416666626930237
524,3299287,790.545306045518,31,0.8613160288399034,0.06074823826123527,0.3083333373069763,0.9541666507720947,33.28415300546448,14.579577010759088,11.0,166.0,1.3407016297181447,0.7082856297492981,-0.011196468626925101,0.00281209596626771,0.028864809194115257,0.8613160288399034,0.06074823826123527,0.3083333373069763,0.9541666507720947
525,3305431,794.6539817093128,39,0.8508236409966335,0.08420287553863488,0.0,0.949999988079071,35.66279069767442,18.834413372752746,12.0,216.0,1.3743133395910263,0.702270063261191,0.003040329771465622,0.0027819147896176824,0.026791258008675406,0.8508236409966335,0.08420287553863488,0.0,0.949999988079071
526,3311575,782.991763392611,47,0.8539017325191829,0.05175188500104501,0.7041666507720947,0.9416666626930237,35.0635838150289,12.420452222002401,14.0,71.0,1.4072704911231995,0.6998757397135099,0.0019650253331443914,0.0027313915003711977,0.029333089011661973,0.8539017325191829,0.05175188500104501,0.7041666507720947,0.9416666626930237
527,3317719,796.6547472359395,55,0.8370758505638488,0.10899025015231882,0.0,0.949999988079071,38.81437125748503,23.990672527406513,12.0,216.0,1.451643740137418,0.690950483083725,0.00957849707629066,0.0038838831048148372,0.033642360526938614,0.8370758505638488,0.10899025015231882,0.0,0.949999988079071
528,3323863,814.5592777506765,62,0.8415032658312056,0.05942772437320208,0.47083333134651184,0.9458333253860474,38.03921568627451,14.262653986241734,13.0,127.0,1.4452399561802547,0.6837995027502378,0.006017739232144474,0.002533986068253095,0.03122353694706682,0.8415032658312056,0.05942772437320208,0.47083333134651184,0.9458333253860474
529,3330007,871.9736295842027,69,0.8418981484424921,0.053550328496228955,0.6583333611488342,0.9416666626930237,37.94444444444444,12.852078661676714,14.0,82.0,1.414096176624298,0.6846341739098231,0.0026768573176620216,0.002311160807342579,0.025924130991366885,0.8418981484424921,0.053550328496228955,0.6583333611488342,0.9416666626930237
530,3336151,866.2501813441502,76,0.8390243900258366,0.0848802370796814,0.0,0.9458333253860474,38.48780487804878,18.961606846621144,13.0,216.0,1.4136551767587662,0.6820708190401396,-0.004689088983771701,0.002945530383537213,0.027763344408279305,0.8390243900258366,0.0848802370796814,0.0,0.9458333253860474
531,3342295,893.7494074052956,83,0.8413043473818287,0.05711609500333433,0.6499999761581421,0.949999988079071,38.08695652173913,13.707862052179687,12.0,84.0,1.4316035012404125,0.6828031465411186,0.00577528993502104,0.0023932846864530197,0.026052235995067532,0.8413043473818287,0.05711609500333433,0.6499999761581421,0.949999988079071
532,3348439,886.5953596821251,90,0.8414366055119988,0.06143564098983561,0.6291666626930237,0.9375,38.05521472392638,14.744553547317798,15.0,89.0,1.406796892484029,0.6802222803235054,-0.0016230323126364965,0.002541778104690214,0.025942333335139983,0.8414366055119988,0.06143564098983561,0.6291666626930237,0.9375
533,3354583,865.1109470770979,97,0.8352349004489463,0.0654789419752571,0.5249999761581421,0.9375,39.54362416107382,15.714945317389551,15.0,114.0,1.4801429410775502,0.66611780722936,0.0036678487910345816,0.0026872321129000434,0.026630699185104013,0.8352349004489463,0.0654789419752571,0.5249999761581421,0.9375
534,3360726,758.9255798447622,8,0.8101984129065559,0.08595091503710026,0.4749999940395355,0.9208333492279053,45.55238095238095,20.628219668987875,19.0,126.0,1.524309774239858,0.6404909392197927,0.025748539172733825,0.0032047742473271987,0.03402695610762553,0.8101984129065559,0.08595091503710026,0.4749999940395355,0.9208333492279053
535,3366870,759.390039131428,16,0.7893730902343715,0.1145289171684776,0.27916666865348816,0.9166666865348816,50.55045871559633,27.486939763963267,20.0,173.0,1.543673649430275,0.6067258690794309,0.027284177718684077,0.004398784134536982,0.039862180637735084,0.7893730902343715,0.1145289171684776,0.27916666865348816,0.9166666865348816
536,3373014,761.5556616021598,24,0.7628409071402116,0.16298309324961296,0.0,0.9416666626930237,56.481818181818184,37.15587114213013,14.0,216.0,1.5796855886777241,0.5776861061652502,0.020212638075463474,0.005602055277753,0.04153970710871024,0.7628409071402116,0.16298309324961296,0.0,0.9416666626930237
537,3379158,761.9583885944635,32,0.7504449839730865,0.15447512656062423,0.0,0.9166666865348816,59.42718446601942,34.89390353232573,20.0,216.0,1.5707128097613652,0.5522213180859884,0.021434535505250096,0.005603491619694978,0.039364743908696036,0.7504449839730865,0.15447512656062423,0.0,0.9166666865348816
538,3385302,758.2803335187706,40,0.7564724918129375,0.1694326779498873,0.0,0.9125000238418579,57.74757281553398,37.629960808104165,21.0,216.0,1.5419198324282963,0.5479165464639664,0.008552887746191118,0.006494299547436337,0.043732264921950204,0.7564724918129375,0.1694326779498873,0.0,0.9125000238418579
539,3391446,754.49097634218,48,0.7623853199525711,0.1802859188800719,0.0,0.9375,56.14678899082569,39.62619504476953,15.0,216.0,1.539368251959483,0.5394650399684906,0.0027391002950025722,0.00727289030328393,0.04433770381506399,0.7623853199525711,0.1802859188800719,0.0,0.9375
540,3397590,777.1084769369064,56,0.7279820244978455,0.18490706884842867,0.0,0.925000011920929,64.57843137254902,41.703302233123594,18.0,216.0,1.5614023605982463,0.5259947528441747,0.01091320827739158,0.007233552983961999,0.04415258685723624,0.7279820244978455,0.18490706884842867,0.0,0.925000011920929
541,3403734,854.3872581343707,64,0.7569444420791808,0.17150484302842214,0.0,0.9333333373069763,57.647619047619045,38.224146183713806,16.0,216.0,1.5347027778625488,0.5281313235561053,0.0019345541368238628,0.007268971433707823,0.044844956200404525,0.7569444420791808,0.17150484302842214,0.0,0.9333333373069763
542,3409878,844.4461017603641,71,0.7534591192906758,0.17033932373423036,0.0,0.9333333373069763,58.490566037735846,37.96677924310536,16.0,216.0,1.5173843155304592,0.5272074267268181,-0.00329827349196421,0.00759939164466535,0.042819234322514575,0.7534591192906758,0.17033932373423036,0.0,0.9333333373069763
543,3416022,890.5788165662192,78,0.781588315199583,0.10805525021225264,0.3291666805744171,0.9416666626930237,52.41880341880342,25.933260601123806,14.0,161.0,1.4958254446585972,0.5483258937795957,-0.0181624385198423,0.005638178399143119,0.03633793913218484,0.781588315199583,0.10805525021225264,0.3291666805744171,0.9416666626930237
544,3422166,870.4752894099034,85,0.7804303271848647,0.13747504514408898,0.0,0.9375,52.30327868852459,30.830283532475413,15.0,216.0,1.4465232888857524,0.5693116014202436,-0.015804779017344117,0.005709163863987972,0.03877115797683104,0.7804303271848647,0.13747504514408898,0.0,0.9375
545,3428310,828.1266397482219,92,0.7954301065014254,0.09378123574039196,0.4416666626930237,0.949999988079071,49.096774193548384,22.507496727735216,12.0,134.0,1.421692778666814,0.5757424583037695,-0.014456565064998964,0.005234843022966136,0.0374150371245791,0.7954301065014254,0.09378123574039196,0.4416666626930237,0.949999988079071
546,3434454,806.7074928670643,100,0.7970144372052095,0.1440786822003049,0.0,0.9333333373069763,48.338582677165356,32.55817820563577,16.0,216.0,1.4269614766041439,0.5783442159493765,-0.00987497586174868,0.00636624302327012,0.043002109550704826,0.7970144372052095,0.1440786822003049,0.0,0.9333333373069763
547,3440597,762.343657375243,8,0.8689542498463899,0.06130935970243922,0.5874999761581421,0.9583333134651184,31.45098039215686,14.714245987699934,10.0,99.0,1.3993403265873592,0.6426779379447302,-0.045646322425454855,0.004784344103730594,0.044269525306783304,0.8689542498463899,0.06130935970243922,0.5874999761581421,0.9583333134651184
548,3446741,753.1190317638626,16,0.860112612956279,0.08364315496112756,0.48750001192092896,0.9541666507720947,33.57297297297297,20.074357027819115,11.0,123.0,1.3719191799561183,0.6639217634995779,-0.026540796544092398,0.0050234663746474935,0.04230458649742327,0.860112612956279,0.08364315496112756,0.48750001192092896,0.9541666507720947
549,3452885,764.716574383141,24,0.8561475413744567,0.11273277510318842,0.15416666865348816,0.9541666507720947,34.52459016393443,27.05586603912572,11.0,203.0,1.4104626973470051,0.6723885784546534,-0.008835868172657987,0.005832215053184579,0.043640235198347914,0.8561475413744567,0.11273277510318842,0.15416666865348816,0.9541666507720947
550,3459029,765.6767347634889,32,0.8640107218807901,0.09798651200286182,0.13333334028720856,0.9624999761581421,32.63742690058479,23.516762774473346,9.0,208.0,1.4538881580034893,0.6698364615440369,0.0023720318228394413,0.005672724781713138,0.046320375783104495,0.8640107218807901,0.09798651200286182,0.13333334028720856,0.9624999761581421
551,3465173,764.6336408487551,40,0.8310763871385938,0.16615860947042593,0.0,0.9541666507720947,39.970238095238095,37.09036994693438,11.0,216.0,1.5196474144856136,0.6543713957071304,0.017647269274069306,0.0069161286810413,0.05080353728707939,0.8310763871385938,0.16615860947042593,0.0,0.9541666507720947
552,3471317,768.3366495794689,48,0.8423333342870076,0.13241268997597663,0.0,0.949999988079071,37.52,29.801055909704502,12.0,216.0,1.5038726528485615,0.6368267585833868,0.008199235404996822,0.006154096219688654,0.04618848271192429,0.8423333342870076,0.13241268997597663,0.0,0.949999988079071
553,3477461,765.8830638337635,56,0.8258786855303512,0.1508301164499207,0.0,0.9583333134651184,41.625850340136054,35.34902954230914,10.0,216.0,1.5225503345330555,0.6181555315852165,0.008236820586413765,0.007417767502677937,0.05385161420809396,0.8258786855303512,0.1508301164499207,0.0,0.9583333134651184
554,3483605,759.7534504921188,64,0.8293934243471444,0.14830054518104185,0.0,0.949999988079071,40.61904761904762,33.83097910779838,12.0,216.0,1.525435929497083,0.618425133327643,0.006664648210668626,0.0070948794212502735,0.049137741829364784,0.8293934243471444,0.14830054518104185,0.0,0.949999988079071
555,3489749,794.258235938101,72,0.8218611111243566,0.1625198962925287,0.0,0.9541666507720947,42.27333333333333,36.651129435378785,11.0,216.0,1.5578861584266026,0.6085441907246908,0.005291561838627483,0.008000821806490421,0.054406092816140804,0.8218611111243566,0.1625198962925287,0.0,0.9541666507720947
556,3495893,837.533315148181,79,0.832791099197244,0.15292933701675968,0.0,0.9541666507720947,39.636986301369866,34.08186762057886,11.0,216.0,1.5443176527818043,0.6110897486408552,0.0022828397195553407,0.007769289251882583,0.04924653286239159,0.832791099197244,0.15292933701675968,0.0,0.9541666507720947
557,3502037,855.3870050223251,87,0.8133969890057213,0.19133057336532125,0.0,0.9583333134651184,43.951388888888886,42.45624052106002,10.0,216.0,1.5432747652133305,0.5914468094706535,0.011687702111278972,0.00839219217111046,0.05250571187267866,0.8133969890057213,0.19133057336532125,0.0,0.9583333134651184
558,3508181,841.1773784038974,94,0.8145683454416639,0.17714468560257202,0.0,0.949999988079071,44.15827338129496,40.99574622481678,12.0,216.0,1.5402899632851283,0.5896975298722585,0.010502959247484492,0.009463426288372526,0.05809517918003997,0.8145683454416639,0.17714468560257202,0.0,0.949999988079071
559,3514325,828.9082081547498,101,0.8022286827250045,0.19590791583788272,0.0,0.949999988079071,46.72093023255814,44.061615903571806,12.0,216.0,1.5514881710211437,0.5648120567202568,0.011320921565735867,0.009410334983840585,0.0596386004541512,0.8022286827250045,0.19590791583788272,0.0,0.949999988079071
560,3520469,753.9117339048712,8,0.855082743134059,0.06032788276820906,0.675000011920929,0.9541666507720947,34.780141843971634,14.478691703847334,11.0,78.0,1.47270763417085,0.6413827190796534,-0.030702211894094944,0.0062105053414901095,0.05585984763847022,0.855082743134059,0.06032788276820906,0.675000011920929,0.9541666507720947
561,3526613,770.4692631847968,16,0.8607236849634271,0.0674260954713721,0.637499988079071,0.949999988079071,33.42631578947368,16.18226261277137,12.0,87.0,1.3940613468488057,0.6658985987305641,-0.035556158516556025,0.004955813211078445,0.04565094691406515,0.8607236849634271,0.0674260954713721,0.637499988079071,0.949999988079071
562,3532757,777.5917584422531,24,0.867540650978321,0.07297166011072669,0.47083333134651184,0.9583333134651184,31.790243902439023,17.51319787875737,10.0,127.0,1.3854718307654064,0.7005408654610316,-0.037882837311675154,0.004348934404940034,0.0410755444757308,0.867540650978321,0.07297166011072669,0.47083333134651184,0.9583333134651184
563,3538901,777.1826770482818,32,0.8793082558414311,0.047782157353456284,0.7208333611488342,0.9583333134651184,28.966019417475728,11.46771790976197,10.0,67.0,1.338431755701701,0.7212792485952377,-0.027714929776266217,0.0034331456990912557,0.034764070200074604,0.8793082558414311,0.047782157353456284,0.7208333611488342,0.9583333134651184
564,3545045,789.3269858340916,40,0.8802995398846639,0.05742445218876148,0.5208333134651184,0.9666666388511658,28.72811059907834,13.781868561209656,8.0,115.0,1.3184131979942322,0.7328875487049421,-0.017137856921181083,0.002940042943616087,0.028437549670062467,0.8802995398846639,0.05742445218876148,0.5208333134651184,0.9666666388511658
565,3551189,786.3350759469071,47,0.8897090549099034,0.04428364755126714,0.6833333373069763,0.9583333134651184,26.469827586206897,10.62807537502299,10.0,76.0,1.3078365872303646,0.7549958998958269,-0.015147917593518892,0.002317305925923089,0.0280211032384353,0.8897090549099034,0.04428364755126714,0.6833333373069763,0.9583333134651184
566,3557333,813.8556160507571,55,0.8832954569296403,0.050413365086834416,0.5541666746139526,0.9583333134651184,28.009090909090908,12.099207678450725,10.0,107.0,1.348395307858785,0.7563657636443774,-0.0036571252894646022,0.0022274523750335598,0.026596579435388304,0.8832954569296403,0.050413365086834416,0.5541666746139526,0.9583333134651184
567,3563477,837.4829878188683,62,0.8808216505518583,0.05683948906062983,0.3708333373069763,0.9624999761581421,28.602803738317757,13.641477144397065,9.0,151.0,1.3945337285598118,0.745280514160792,0.005156254121781482,0.002357745514018461,0.028566571594248778,0.8808216505518583,0.05683948906062983,0.3708333373069763,0.9624999761581421
568,3569621,904.8929792095305,69,0.8776212824342396,0.05148082931828936,0.6833333373069763,0.9583333134651184,29.370892018779344,12.355398267172642,10.0,76.0,1.436407392223676,0.7457742417852083,0.008191675466756957,0.0023816537480646125,0.02563567319091149,0.8776212824342396,0.05148082931828936,0.6833333373069763,0.9583333134651184
569,3575765,893.2800486513761,76,0.8735897443233392,0.06579942135898345,0.24583333730697632,0.9583333134651184,30.338461538461537,15.791861184940114,10.0,181.0,1.4447639733552933,0.7415555045008659,0.009739520222259065,0.0027472336660139263,0.028912107398230035,0.8735897443233392,0.06579942135898345,0.24583333730697632,0.9583333134651184
570,3581909,920.4159117228342,83,0.8614934465188658,0.06448669493618212,0.5166666507720947,0.9541666507720947,33.241573033707866,15.476806198626209,11.0,116.0,1.4601940264304478,0.7152201135953268,0.010022508640152713,0.0026733823566852757,0.0292845846458413,0.8614934465188658,0.06448669493618212,0.5166666507720947,0.9541666507720947
571,3588053,927.68173614385,89,0.8637500010038677,0.08535374146063145,0.0,0.949999988079071,32.57368421052632,19.24256088945771,12.0,216.0,1.4614372352759044,0.7131660108764967,0.0042801804981233245,0.0034693674727653465,0.03371367667319339,0.8637500010038677,0.08535374146063145,0.0,0.949999988079071
572,3594197,946.3044263588881,96,0.8638049455789419,0.09433610440205424,0.0,0.949999988079071,32.55494505494506,21.472567542450832,12.0,216.0,1.4769778301318486,0.7043956344326338,0.016216345597058535,0.004327468593449642,0.04338430036700044,0.8638049455789419,0.09433610440205424,0.0,0.949999988079071
573,3600341,771.2923512088057,8,0.8902380951813289,0.03808767406048482,0.6958333253860474,0.9541666507720947,26.34285714285714,9.141041486383394,11.0,73.0,1.403852418065071,0.7532001659274101,-0.016479538559603196,0.0020312374836066738,0.02912678223122181,0.8902380951813289,0.03808767406048482,0.6958333253860474,0.9541666507720947
574,3606485,770.0778799406273,16,0.8946502066443487,0.0389855958239527,0.675000011920929,0.9541666507720947,25.28395061728395,9.356542441000107,11.0,78.0,1.3416854391495387,0.7689416408538818,-0.017275005346164107,0.0018738727036785956,0.024775557431485126,0.8946502066443487,0.0389855958239527,0.675000011920929,0.9541666507720947
575,3612629,776.2878078989648,24,0.9047640949925956,0.031183968130408118,0.7791666388511658,0.9583333134651184,22.856617647058822,7.484151904936134,10.0,53.0,1.3472441484530766,0.7895639364918073,-0.017945661015498143,0.0013119336266148214,0.022210876066626622,0.9047640949925956,0.031183968130408118,0.7791666388511658,0.9583333134651184
576,3618773,780.8391632394728,32,0.8999670642637924,0.03271409310134681,0.737500011920929,0.9666666388511658,24.007905138339922,7.85138244409807,8.0,63.0,1.3528517832358677,0.7896743963162104,0.00036248202832211973,0.001350249027988563,0.02058198422934468,0.8999670642637924,0.03271409310134681,0.737500011920929,0.9666666388511658
577,3624917,811.1301047171588,39,0.9031965675699802,0.03004493594594907,0.7833333611488342,0.9624999761581421,23.232824427480917,7.210784361397785,9.0,52.0,1.3520693878332775,0.793971873819828,-0.004470701048073049,0.0012314604343070339,0.017150452556896522,0.9031965675699802,0.03004493594594907,0.7833333611488342,0.9624999761581421
578,3631061,826.6476991544039,47,0.8998359591942134,0.03605370116566503,0.7416666746139526,0.9583333134651184,24.03937007874016,8.652887711332644,10.0,62.0,1.362230161825816,0.7895896707971891,0.004589490277188209,0.001476782247967397,0.02333497754103119,0.8998359591942134,0.03605370116566503,0.7416666746139526,0.9583333134651184
579,3637205,875.0132900149222,54,0.9015507527760097,0.034965666619218946,0.6208333373069763,0.9583333134651184,23.627819548872182,8.39175977299983,10.0,91.0,1.3545692960421245,0.7933222403128942,-0.0037269867704405137,0.0012697967079778512,0.020534186025041437,0.9015507527760097,0.034965666619218946,0.6208333373069763,0.9583333134651184
580,3643349,874.0625006592828,61,0.9005350199191023,0.03247596741326597,0.7749999761581421,0.9583333134651184,23.8715953307393,7.79423179061879,10.0,54.0,1.3846001625061035,0.7908367440104485,-0.00020317206872277893,0.0012752576537119846,0.020404335666429473,0.9005350199191023,0.03247596741326597,0.7749999761581421,0.9583333134651184
581,3649493,900.4008850061217,68,0.8982166683673859,0.03607592652918728,0.6583333611488342,0.9583333134651184,24.428,8.658222450364741,10.0,82.0,1.3858268310626347,0.7864337265491486,0.0030111409020416127,0.001601493121900906,0.024886157926589398,0.8982166683673859,0.03607592652918728,0.6583333611488342,0.9583333134651184
582,3655637,912.5989431407575,74,0.9007590459298718,0.03432437212877459,0.7208333611488342,0.9583333134651184,23.81782945736434,8.237849399606983,10.0,67.0,1.3757500648498535,0.7871223563949267,-0.0045408539299387485,0.0013250730213864397,0.022285592168711038,0.9007590459298718,0.03432437212877459,0.7208333611488342,0.9583333134651184
583,3661781,903.1584809172235,81,0.8986111112669403,0.03571044733430896,0.7333333492279053,0.9624999761581421,24.333333333333332,8.570507264523018,9.0,64.0,1.330200344324112,0.7886226971944174,-0.001928815074885885,0.0013703354343306273,0.0204380254752894,0.8986111112669403,0.03571044733430896,0.7333333492279053,0.9624999761581421
584,3667925,896.8918328728013,88,0.9035062902378586,0.031582709187874765,0.7916666865348816,0.9624999761581421,23.158490566037734,7.5798500000656945,9.0,50.0,1.3288540591796238,0.7940043384830157,-0.003942168315309876,0.0012982587941223755,0.020245580221150167,0.9035062902378586,0.031582709187874765,0.7916666865348816,0.9624999761581421
585,3674069,894.183483892378,95,0.9024873276173841,0.03351038118777602,0.6916666626930237,0.9666666388511658,23.403041825095055,8.042491140878079,8.0,74.0,1.3500224600235622,0.7980562175313631,0.00212616411226918,0.0013618342782137915,0.021007402868172226,0.9024873276173841,0.03351038118777602,0.6916666626930237,0.9666666388511658
