update,framesToTrain,FPS,duration,rreturn_mean,rreturn_std,rreturn_min,rreturn_max,num_frames_mean,num_frames_std,num_frames_min,num_frames_max,entropy,value,policy_loss,value_loss,grad_norm,return_mean,return_std,return_min,return_max
1,4096,1936.2077992802167,16,0.0,0.0,0,0,0.0,0.0,0,0,1.9327148646116257,-0.10375179210677743,-0.025119857862591743,0.0011811486147053074,0.031227444267810184,0.0,0.0,0,0
update,framesToTrain,FPS,duration,rreturn_mean,rreturn_std,rreturn_min,rreturn_max,num_frames_mean,num_frames_std,num_frames_min,num_frames_max,entropy,value,policy_loss,value_loss,grad_norm,return_mean,return_std,return_min,return_max
2,8192,1942.635414648962,18,0.0,0.0,0,0,0.0,0.0,0,0,1.9334831535816193,-0.0881689009256661,-0.014826664759311825,0.00012056509558533435,0.006887322016764844,0.0,0.0,0,0
3,12288,1994.670448906441,20,0.01992187462747097,0.07755160531117375,0.0,0.3499999940395355,354.53125,21.409671259444877,260.0,360.0,1.9381390139460564,-0.06519380863755941,-0.025340793537907302,0.0006454256363213062,0.009853721534281833,0.01992187462747097,0.07755160531117375,0.0,0.3499999940395355
4,16384,1914.4831512498895,22,0.01992187462747097,0.07755160531117375,0.0,0.3499999940395355,354.53125,21.409671259444877,260.0,360.0,1.9434940814971924,-0.05694316886365414,-0.009983947791624814,2.4567289528931724e-05,0.002684491742594116,0.01992187462747097,0.07755160531117375,0.0,0.3499999940395355
5,20480,1984.9990680369965,24,0.008984374813735485,0.050022881910224054,0.0,0.2874999940395355,357.65625,13.049447725382864,285.0,360.0,1.9436789378523827,-0.047794285928830504,-0.008662333653774112,2.6088741492458212e-05,0.0025033739651884558,0.008984374813735485,0.050022881910224054,0.0,0.2874999940395355
6,24576,2004.4465899005224,26,0.0074218749068677425,0.041323250611840605,0.0,0.23749999701976776,358.28125,9.5695949986141,305.0,360.0,1.9430545344948769,-0.035229055443778634,-0.012907877389807254,0.00020656017568398966,0.004746040720155805,0.0074218749068677425,0.041323250611840605,0.0,0.23749999701976776
7,28672,2012.3335649838175,28,0.05601562513038516,0.19172414727864096,0.0,0.8525000214576721,341.34375,66.27811166544728,59.0,360.0,1.9346570000052452,-0.023804358032066375,-0.010186210623942316,0.0014734877995579154,0.01905771563927966,0.05601562513038516,0.19172414727864096,0.0,0.8525000214576721
8,32768,1996.6244452148462,30,0.0575781250372529,0.19339330614786038,0.0,0.8525000214576721,340.71875,66.71077235677534,59.0,360.0,1.94111318141222,-0.029935503844171762,-0.006927899463335052,0.0002400764051344595,0.008062466605492249,0.0575781250372529,0.19339330614786038,0.0,0.8525000214576721
9,36864,1996.6253733967749,32,0.03093749936670065,0.1305677928233045,0.0,0.7024999856948853,350.125,43.512031382136136,119.0,360.0,1.9442421346902847,-0.028619780903682113,-0.008839312184136361,7.146031839511124e-05,0.0038393650044578364,0.03093749936670065,0.1305677928233045,0.0,0.7024999856948853
10,40960,1987.9027655895345,34,0.024843749590218067,0.10007211598305628,0.0,0.5074999928474426,352.5625,30.834170878264263,197.0,360.0,1.9425505623221397,-0.021124585648067296,-0.006681501428829506,0.0002915576192208391,0.00692125271753101,0.024843749590218067,0.10007211598305628,0.0,0.5074999928474426
11,45056,1971.6329645311087,37,0.03859374951571226,0.12186367978094605,0.0,0.5074999928474426,348.3125,37.32076960286323,197.0,360.0,1.9417760744690895,-0.015457576490007341,-0.006184241705341265,0.0003519659621815663,0.007591459328310042,0.03859374951571226,0.12186367978094605,0.0,0.5074999928474426
12,49152,2011.3374716312037,39,0.053359373938292265,0.1600520007273889,0.0,0.7774999737739563,343.65625,52.72191751005933,89.0,360.0,1.9394578635692596,-0.009905664988764329,-0.009186726849293336,0.0010435884933031048,0.01988025160893831,0.053359373938292265,0.1600520007273889,0.0,0.7774999737739563
13,53248,2011.3339394698608,41,0.05867187445983291,0.17317235596827427,0.0,0.7774999737739563,341.53125,57.7093928527887,89.0,360.0,1.9413083419203758,-0.018642025359440595,-0.005684971547452733,0.0004177791197434999,0.007903038244893437,0.05867187445983291,0.17317235596827427,0.0,0.7774999737739563
14,57344,2016.285701644013,43,0.07757812459021807,0.18346010550723849,0.0,0.7774999737739563,336.46875,60.099388711013525,89.0,360.0,1.9374669790267944,-0.010695528442738578,-0.0061068132345099,0.00047728338267916115,0.011444542915193982,0.07757812459021807,0.18346010550723849,0.0,0.7774999737739563
15,61440,2015.2944398095708,45,0.07765625091269612,0.19743763004400364,0.0,0.7300000190734863,335.1875,65.96421259857499,108.0,360.0,1.9365894794464111,-0.0013507079493138008,-0.011232733319047838,0.0012173788563814014,0.013812828616502832,0.07765625091269612,0.19743763004400364,0.0,0.7300000190734863
16,65536,1978.2981099163696,47,0.09148437576368451,0.1999412639283941,0.0,0.7300000190734863,332.15625,66.20097685032677,108.0,360.0,1.9371946230530739,0.0004735573656944325,-0.0018810453093465185,0.0003167802442476386,0.008175717265708125,0.09148437576368451,0.1999412639283941,0.0,0.7300000190734863
17,69632,2010.3463630825515,49,0.07960937591269612,0.1936381868593967,0.0,0.7300000190734863,335.65625,64.60050762910072,108.0,360.0,1.9414011389017105,-0.0018684876486076973,-0.0019196397270206944,0.00010833470400939404,0.005227728961618078,0.07960937591269612,0.1936381868593967,0.0,0.7300000190734863
18,73728,1966.8958133765734,51,0.04453124897554517,0.15170957418679112,0.0,0.6974999904632568,345.9375,50.26985770568682,121.0,360.0,1.9404864832758904,0.0048798890493344516,-0.005348984763259068,0.00047693711803731276,0.010997042058611302,0.04453124897554517,0.15170957418679112,0.0,0.6974999904632568
19,77824,2012.323429456282,53,0.07992187421768904,0.20219062262929874,0.0,0.7425000071525574,334.28125,67.77916087144706,103.0,360.0,1.9372623935341835,0.016370398880098946,-0.005162013912922703,0.0010657403527147835,0.013704166448423583,0.07992187421768904,0.20219062262929874,0.0,0.7425000071525574
20,81920,1986.9247310634107,55,0.12421875027939677,0.2367046206190397,0.0,0.7425000071525574,320.3125,79.26791497037121,103.0,360.0,1.9375295713543892,0.022283023688942194,-0.0029091564283589832,0.0012007966834062245,0.009952809379469064,0.12421875027939677,0.2367046206190397,0.0,0.7425000071525574
21,86016,1977.3431561307311,57,0.17890625121071935,0.30509600178532653,0.0,0.9175000190734863,299.6875,105.36586185169274,33.0,360.0,1.9277044609189034,0.03577189822681248,-0.011290647758869454,0.002569161370047368,0.023059712661098998,0.17890625121071935,0.30509600178532653,0.0,0.9175000190734863
22,90112,2029.2733993068762,59,0.23156250081956387,0.32855789991492834,0.0,0.9175000190734863,281.125,113.00518516864614,33.0,360.0,1.9287374094128609,0.02873879874823615,-0.004469458406674676,0.0015826589951757342,0.018509273492707243,0.23156250081956387,0.32855789991492834,0.0,0.9175000190734863
23,94208,2006.4073769083643,61,0.2155468757264316,0.3028760168387778,0.0,0.9175000190734863,290.03125,104.72806583451019,33.0,360.0,1.9117394834756851,0.050060746259987354,-0.005605227197520435,0.0038253798993537202,0.03163139653058013,0.2155468757264316,0.3028760168387778,0.0,0.9175000190734863
24,98304,1973.5307289574992,63,0.26734375208616257,0.31777113278467034,0.0,0.8899999856948853,273.0625,110.8109136942296,44.0,360.0,1.8723814859986305,0.08974870201200247,-0.01454722776543349,0.0037454232369782403,0.032199607012892886,0.26734375208616257,0.31777113278467034,0.0,0.8899999856948853
25,102400,2004.4442512322817,65,0.46828125044703484,0.31908404110273325,0.0,0.9200000166893005,203.9375,115.26408197591303,32.0,360.0,1.8656101301312447,0.10859138891100883,-0.012974734083400108,0.00582187226973474,0.04524951393165397,0.46828125044703484,0.31908404110273325,0.0,0.9200000166893005
26,106496,2026.2500671097246,67,0.5249999989755452,0.3594543393638864,0.0,0.9524999856948853,180.0,129.51134120222832,19.0,360.0,1.8423066660761833,0.1603600960224867,-0.026810605893842876,0.00821457544225268,0.05864285560822548,0.5249999989755452,0.3594543393638864,0.0,0.9524999856948853
27,110592,1980.21192855092,69,0.6022656226996332,0.26197817020986947,0.0,0.9350000023841858,156.59375,99.3500312578587,26.0,360.0,1.7851813808083534,0.21757431235164404,-0.03182833862956613,0.011271927214693278,0.0713315896064531,0.6022656226996332,0.26197817020986947,0.0,0.9350000023841858
28,114688,2014.303207468127,71,0.6974285751581192,0.2321187252868577,0.0,0.9549999833106995,119.88571428571429,89.59584538472798,18.0,360.0,1.767286241054535,0.2474560085684061,-0.04308552388101816,0.010786066297441721,0.07732347671787414,0.6974285751581192,0.2321187252868577,0.0,0.9549999833106995
29,118784,2011.3341749468977,74,0.7880454556508498,0.1836453432466071,0.0,0.9624999761581421,84.05454545454545,70.47099162887538,15.0,360.0,1.6712547317147255,0.34097639098763466,-0.06931423302739859,0.012005446129478514,0.07492647674512762,0.7880454556508498,0.1836453432466071,0.0,0.9624999761581421
30,122880,2026.2629722508368,76,0.7988257591019977,0.18838941918971566,0.0,0.9725000262260437,79.86363636363636,72.90443856538802,11.0,360.0,1.6038741692900658,0.426208071410656,-0.06925272336229682,0.012972258671652526,0.10138701054765299,0.7988257591019977,0.18838941918971566,0.0,0.9725000262260437
31,126976,1980.2103308290436,78,0.8658749982714653,0.10066117256695571,0.5099999904632568,0.9649999737739563,53.65,40.26446944888259,14.0,196.0,1.5678148716688156,0.4977751187980175,-0.07842774968594313,0.009415015752892941,0.10960869830853451,0.8658749982714653,0.10066117256695571,0.5099999904632568,0.9649999737739563
32,131072,2005.4246313545043,80,0.8923863616856662,0.10979598001801985,0.0,0.9725000262260437,42.68181818181818,41.032123074086016,11.0,360.0,1.4643322601914406,0.6335985884070396,-0.08320488734170794,0.007928748818812892,0.08301816199469088,0.8923863616856662,0.10979598001801985,0.0,0.9725000262260437
33,135168,1967.8409257673893,82,0.9215298486289694,0.03951656008018821,0.7475000023841858,0.9700000286102295,31.388059701492537,15.8066254990772,12.0,101.0,1.387483112514019,0.7203614860773087,-0.07134354137815535,0.005567152809817344,0.09310015390307663,0.9215298486289694,0.03951656008018821,0.7475000023841858,0.9700000286102295
34,139264,1985.0107650102561,84,0.9287758584680228,0.042253458798454734,0.5849999785423279,0.9750000238418579,28.489655172413794,16.901384249116,10.0,166.0,1.3502095639705658,0.7466667182743549,-0.05095607182011008,0.003457682381849736,0.06892037836255532,0.9287758584680228,0.042253458798454734,0.5849999785423279,0.9750000238418579
35,143360,1953.7589259202439,86,0.9314388452673987,0.027425464521866692,0.8274999856948853,0.9750000238418579,27.424460431654676,10.970187473241952,10.0,69.0,1.3521443009376526,0.7682493962347507,-0.022579453652724624,0.0025017846055561677,0.05193294968606007,0.9314388452673987,0.027425464521866692,0.8274999856948853,0.9750000238418579
36,147456,1991.7700529179538,88,0.928207232371757,0.036909176985781826,0.75,0.9775000214576721,28.717105263157894,14.763672415745548,9.0,100.0,1.3269730731844902,0.787735790014267,-0.015118941373657435,0.0022121545698610134,0.04500627012404706,0.928207232371757,0.036909176985781826,0.75,0.9775000214576721
37,151552,1988.8674880898577,90,0.9378088218324324,0.025168842055089874,0.7724999785423279,0.9750000238418579,24.876470588235293,10.067538364452513,10.0,91.0,1.2825498655438423,0.8185514137148857,-0.01149376478861086,0.0015208307959255762,0.032967809277790625,0.9378088218324324,0.025168842055089874,0.7724999785423279,0.9750000238418579
38,155648,1761.3237611458658,16,0.9377560943596123,0.024426961043513835,0.8354687690734863,0.9747999906539917,21.41860465116279,16.39422174365509,7.0,117.0,1.4200290963053703,0.778151486068964,0.029745984938926995,0.002408821106655523,0.06999170642179792,0.9377560943596123,0.024426961043513835,0.8354687690734863,0.9747999906539917
39,159744,1798.4514340089966,18,0.9282504050819962,0.04346148747956363,0.6948437690734863,0.9711999893188477,27.14814814814815,34.3917557990431,8.0,217.0,1.3905408382415771,0.7606343850493431,0.04127270984463394,0.002663753490196541,0.06476725064267455,0.9282504050819962,0.04346148747956363,0.6948437690734863,0.9711999893188477
40,163840,1861.3840355958278,20,0.9328030421752338,0.024922729351023423,0.8129687309265137,0.9747999906539917,22.751937984496124,17.754584955495034,7.0,133.0,1.4564671516418457,0.7226263657212257,0.02796382422093302,0.0027756604249589145,0.053892663297509955,0.9328030421752338,0.024922729351023423,0.8129687309265137,0.9747999906539917
41,167936,1841.3115193775934,23,0.9308889880180359,0.048874400836619376,0.46421873569488525,0.9690625071525574,24.248,35.66009669083918,9.0,381.0,1.4922285005450249,0.6950031965970993,0.022674353793263435,0.004349283699411899,0.056937574994565386,0.9308889880180359,0.048874400836619376,0.46421873569488525,0.9690625071525574
42,172032,1809.5793184785894,25,0.906286840637525,0.14606175807111885,0.0,0.9675999879837036,41.27407407407407,102.12624211164515,9.0,640.0,1.5157251954078674,0.676797978579998,0.016428596252808347,0.006339835526887327,0.07157345718788724,0.906286840637525,0.14606175807111885,0.0,0.9675999879837036
43,176128,1848.7942911208127,27,0.9153729430560408,0.0956338347652782,0.0,0.9711999893188477,32.96551724137931,65.28411791790305,8.0,640.0,1.5277497321367264,0.6467517092823982,0.01798597618471831,0.004736771094030701,0.062518004860002,0.9153729430560408,0.0956338347652782,0.0,0.9711999893188477
44,180224,1744.07089387461,29,0.9091950738039173,0.11311864473839298,0.0,0.9711999893188477,37.30327868852459,79.88864066488419,8.0,640.0,1.5217868089675903,0.6463257819414139,0.014914770988980308,0.005858060874743387,0.060121997723667886,0.9091950738039173,0.11311864473839298,0.0,0.9711999893188477
45,184320,1863.0931859504788,32,0.909944304188744,0.1005860008184023,0.0,0.9711999893188477,37.72950819672131,70.6549032889758,8.0,640.0,1.5155300125479698,0.6449415609240532,0.004167237442743499,0.006072150776162744,0.06599765197730645,0.909944304188744,0.1005860008184023,0.0,0.9711999893188477
46,188416,1843.7991033573176,34,0.9221057953342559,0.045022951567170406,0.6976562738418579,0.9789062738418579,29.428571428571427,34.97809486209055,8.0,215.0,1.5101379752159119,0.6357517018914223,-0.0005405212214100175,0.005435525818029419,0.06416226340755808,0.9221057953342559,0.045022951567170406,0.6976562738418579,0.9789062738418579
47,192512,1857.1781491705929,36,0.9198969855108334,0.07527878106881884,0.28421875834465027,0.9747999906539917,32.74045801526717,57.66269221145215,7.0,509.0,1.531813345849514,0.648495227098465,0.004324447087128647,0.005768757167970762,0.06300522755373258,0.9198969855108334,0.07527878106881884,0.28421875834465027,0.9747999906539917
48,196608,1808.7791294357671,38,0.9152340397834778,0.09442439487539497,0.0,0.9690625071525574,35.448,65.04096629048496,9.0,640.0,1.535847157239914,0.6394767425954342,0.005742180946981534,0.006029110343661159,0.06223756469104891,0.9152340397834778,0.09442439487539497,0.0,0.9690625071525574
49,200704,1846.682796492394,41,0.9134508315473795,0.0594045320957495,0.4867187440395355,0.971875011920929,34.92857142857143,46.3718884758463,8.0,365.0,1.525712363421917,0.6458052657544613,0.010382749198470265,0.006587417883565649,0.07652241259578524,0.9134508315473795,0.0594045320957495,0.4867187440395355,0.971875011920929
50,204800,1838.005556639086,43,0.9077827270890846,0.0963315810789854,0.12880000472068787,0.9690625071525574,36.09016393442623,52.78878484006956,11.0,436.0,1.5218355283141136,0.6386095918715,-0.0049772442816902185,0.0064654968737158924,0.07297612465378639,0.9077827270890846,0.0963315810789854,0.12880000472068787,0.9690625071525574
51,208896,1878.47581454907,45,0.9124799739997999,0.07556092279113197,0.2265625,0.9747999906539917,34.80530973451327,56.8903398501617,7.0,550.0,1.542612947523594,0.6431453861296177,-0.002516167383873835,0.006518040114315227,0.06093858811175423,0.9124799739997999,0.07556092279113197,0.2265625,0.9747999906539917
52,212992,1824.088684936714,47,0.9025298958426123,0.06750577653300804,0.5542187690734863,0.9639999866485596,40.585585585585584,52.88138494126017,10.0,317.0,1.5679552033543587,0.6399344131350517,-0.0006987090582697419,0.005884361366042867,0.06849831593656223,0.9025298958426123,0.06750577653300804,0.5542187690734863,0.9639999866485596
53,217088,1825.7158373872044,49,0.9184632218161295,0.05049281811229318,0.7264000177383423,0.9704687595367432,32.65891472868217,36.020342255266364,9.0,190.0,1.5079828649759293,0.6774032041430473,-0.011146475822897628,0.005554399744141847,0.06520132911128862,0.9184632218161295,0.05049281811229318,0.7264000177383423,0.9704687595367432
54,221184,1804.793895169881,52,0.9194212126177411,0.05738240223201533,0.4360937476158142,0.9746875166893005,32.55813953488372,44.49438723888077,9.0,401.0,1.4786830767989159,0.6746719181537628,-0.012727369699859992,0.0064962444885168225,0.07215782496919029,0.9194212126177411,0.05738240223201533,0.4360937476158142,0.9746875166893005
55,225280,1875.8948713429872,54,0.9279568387220983,0.04742731647640753,0.6540625095367432,0.9732812643051147,29.294520547945204,36.70656837347271,9.0,246.0,1.4015993177890778,0.6968983635306358,-0.019045732042286545,0.005643487093038857,0.06829444121599111,0.9279568387220983,0.04742731647640753,0.6540625095367432,0.9732812643051147
56,229376,1871.6069168494712,56,0.9304945059374076,0.04008952149125496,0.7159374952316284,0.9747999906539917,28.0,31.947661279419027,7.0,202.0,1.4077475741505623,0.7134604416787624,-0.013627561391331255,0.00470806380326394,0.061675869131360125,0.9304945059374076,0.04008952149125496,0.7159374952316284,0.9747999906539917
57,233472,1847.1287395099653,58,0.929975245274654,0.028962372719595786,0.7918750047683716,0.9746875166893005,27.965986394557824,24.084436210225903,8.0,148.0,1.415639005601406,0.7140231803059578,-0.015351524401921779,0.00487372832139954,0.06758260505949577,0.929975245274654,0.028962372719595786,0.7918750047683716,0.9746875166893005
58,237568,1805.4852471920444,61,0.9362829711781927,0.02830435440945127,0.7778124809265137,0.9775000214576721,25.58433734939759,23.07247868681788,8.0,158.0,1.345944032073021,0.743671327829361,-0.02652768266852945,0.00406504403508734,0.06988979747886795,0.9362829711781927,0.02830435440945127,0.7778124809265137,0.9775000214576721
59,241664,1800.8256171176592,63,0.9364067423417701,0.03404593565401924,0.6582812666893005,0.9817187786102295,25.96894409937888,26.858132548229065,9.0,243.0,1.3244586437940598,0.7567670866847038,-0.019296218175441027,0.004017552360892296,0.06116457488913281,0.9364067423417701,0.03404593565401924,0.6582812666893005,0.9817187786102295
60,245760,1844.6286039652086,65,0.9379117066661516,0.024923433155133574,0.8129687309265137,0.9711999893188477,24.80952380952381,19.505479199980236,8.0,133.0,1.3287351354956627,0.7702705152332783,-0.011202927737031132,0.002929949914687313,0.0481560582727776,0.9379117066661516,0.024923433155133574,0.8129687309265137,0.9711999893188477
61,249856,1785.9041384225543,67,0.9400465409646089,0.02296988181285527,0.848800003528595,0.9775000214576721,23.99425287356322,16.944974207079326,7.0,103.0,1.2908218204975128,0.7879343666136265,-0.009059983018232742,0.002575063903350383,0.044374618635805343,0.9400465409646089,0.02296988181285527,0.848800003528595,0.9775000214576721
62,253952,1830.6131987151086,70,0.942548167364938,0.020630838408593578,0.8396875262260437,0.9775000214576721,23.017142857142858,16.48392265580159,8.0,114.0,1.2904047295451164,0.7944607585668564,-0.009594798000762239,0.0025309901175205596,0.04320611289630959,0.942548167364938,0.020630838408593578,0.8396875262260437,0.9775000214576721
63,258048,1793.7169296845082,72,0.9407729880754337,0.022209384566802794,0.8059375286102295,0.9760937690734863,23.50581395348837,17.853895768288826,8.0,138.0,1.3556395024061203,0.7914754450321198,0.005207278696616413,0.002295237485668622,0.04170782357579435,0.9407729880754337,0.022209384566802794,0.8059375286102295,0.9760937690734863
64,262144,1842.1413505765368,74,0.9381781895476652,0.027911677194310452,0.7623437643051147,0.9746875166893005,24.819277108433734,21.606918000990426,8.0,169.0,1.4093313589692116,0.7987469360232353,0.007294816852663644,0.002179251932830084,0.040620466386934395,0.9381781895476652,0.027911677194310452,0.7623437643051147,0.9746875166893005
65,266240,1820.0350072309334,76,0.929708337450361,0.025664302268213646,0.8228124976158142,0.9775000214576721,27.37062937062937,19.122599788752986,9.0,126.0,1.416170284152031,0.7746943570673466,0.01565114053664729,0.002611748524941504,0.052447020714032455,0.929708337450361,0.025664302268213646,0.8228124976158142,0.9775000214576721
66,270336,1797.663687419272,79,0.9294233446991121,0.02621706940956907,0.8003125190734863,0.9775000214576721,28.79054054054054,20.659155871657426,9.0,142.0,1.4697321057319641,0.7680010609328747,0.008933144621551037,0.00253840749792289,0.043437146110123386,0.9294233446991121,0.02621706940956907,0.8003125190734863,0.9775000214576721
67,274432,1844.6301884511313,81,0.9249668249717126,0.03274201625276199,0.7806249856948853,0.9746875166893005,29.176923076923078,22.239765281209998,8.0,156.0,1.470848672091961,0.7509227097034454,0.008667793386848643,0.00244655144342687,0.04500108393153618,0.9249668249717126,0.03274201625276199,0.7806249856948853,0.9746875166893005
68,278528,1876.7549440798145,83,0.9236226099000561,0.03775361096954294,0.7679687738418579,0.9775000214576721,30.654676258992804,26.726354366073707,8.0,165.0,1.444669708609581,0.7466568425297737,0.0006843845985713415,0.0030879676633048803,0.0509394117679674,0.9236226099000561,0.03775361096954294,0.7679687738418579,0.9775000214576721
69,282624,1842.9695576227914,85,0.9303737445672353,0.029670947528019895,0.796093761920929,0.9775000214576721,28.4,23.35579870895734,8.0,145.0,1.3975326418876648,0.7695692256093025,-0.006664830056251958,0.0026957871159538627,0.04194294182492898,0.9303737445672353,0.029670947528019895,0.796093761920929,0.9775000214576721
70,286720,1835.5345510491902,88,0.9306805935399286,0.02530526260461106,0.8343999981880188,0.9676562547683716,26.862068965517242,19.912089791313033,9.0,117.0,1.4232151508331299,0.7604892216622829,-0.0007477389845007565,0.002448027953505516,0.040166444900810575,0.9306805935399286,0.02530526260461106,0.8343999981880188,0.9676562547683716
71,290816,1841.3119140754577,90,0.9354107468933254,0.02723620525750852,0.7946875095367432,0.9803125262260437,26.642857142857142,19.667587737726006,8.0,146.0,1.3873040601611137,0.7786513529717922,-0.0011448989207565319,0.002643582280143164,0.04690303187274962,0.9354107468933254,0.02723620525750852,0.7946875095367432,0.9803125262260437
72,294912,1803.2047520999677,92,0.9308088139381284,0.046286814880134065,0.4636000096797943,0.971875011920929,27.281045751633986,22.171187071541873,8.0,149.0,1.3766581639647484,0.7692494876682758,-0.002156694123186753,0.0031778138363733888,0.04635608296858713,0.9308088139381284,0.046286814880134065,0.4636000096797943,0.971875011920929
73,299008,1797.6657565609282,94,0.9366139765828848,0.02533354563574077,0.8143749833106995,0.9732812643051147,25.50625,18.81222902628766,9.0,132.0,1.4066520854830742,0.7814599126577377,-0.003173549375787843,0.0026053643377963454,0.04265552263903561,0.9366139765828848,0.02533354563574077,0.8143749833106995,0.9732812643051147
74,303104,1846.2944098981047,97,0.930680493513743,0.031188309373132096,0.7588000297546387,0.9803125262260437,27.786666666666665,21.243849828963572,8.0,143.0,1.4374357536435127,0.7720805145800114,-0.0012189233530079946,0.0028151420992799103,0.04156939792848155,0.930680493513743,0.031188309373132096,0.7588000297546387,0.9803125262260437
75,307200,1835.5343549367115,16,0.937737770702528,0.02691048046746732,0.8439062237739563,0.9760937690734863,44.27536231884058,19.13634076599294,17.0,111.0,1.5339134186506271,0.7029810361564159,0.005292353249387816,0.0036475710512604564,0.05143085869101583,0.937737770702528,0.02691048046746732,0.8439062237739563,0.9760937690734863
76,311296,1848.7940921647014,18,0.9291000781179983,0.03778509700627164,0.7778124809265137,0.9803125262260437,50.41772151898734,26.86940172833969,14.0,158.0,1.507300652563572,0.7039379179477692,0.010414891905384138,0.003616911722929217,0.06234043234031839,0.9291000781179983,0.03778509700627164,0.7778124809265137,0.9803125262260437
77,315392,1824.9017046071365,20,0.9258554674685001,0.042320866962348505,0.6864062547683716,0.9789062738418579,52.725,30.094839673937457,15.0,223.0,1.5207660794258118,0.7060119137167931,0.002212670151493512,0.0033122599561465904,0.04578379794075764,0.9258554674685001,0.042320866962348505,0.6864062547683716,0.9789062738418579
78,319488,1850.4646429308482,23,0.9327289247235586,0.036874280177106804,0.7243750095367432,0.9817187786102295,47.83720930232558,26.221711430635896,13.0,196.0,1.4888076037168503,0.7055060230195522,0.0015222860929497983,0.003471603849902749,0.052674986809030724,0.9327289247235586,0.036874280177106804,0.7243750095367432,0.9817187786102295
79,323584,1850.4634470368123,25,0.9344754453216281,0.03101663080243981,0.8256250023841858,0.9775000214576721,46.595238095238095,22.05626951556656,16.0,124.0,1.4997005686163902,0.7008365467190742,-0.0029190105706220493,0.0037705188879044726,0.05289541012661689,0.9344754453216281,0.03101663080243981,0.8256250023841858,0.9775000214576721
80,327680,1838.8326068390752,27,0.9279602591110312,0.058949245736948166,0.46562498807907104,0.9789062738418579,51.22826086956522,41.91946296455019,15.0,380.0,1.4768880382180214,0.7138081789016724,-0.0067591439437819645,0.003908884842530824,0.060106508233425504,0.9279602591110312,0.058949245736948166,0.46562498807907104,0.9789062738418579
81,331776,1842.9699530317998,29,0.9403540568148836,0.03099824172882059,0.782031238079071,0.9803125262260437,42.41489361702128,22.04319240426988,14.0,155.0,1.458804965019226,0.7208890654146671,-0.012191111949505284,0.0034928802197100595,0.052277169845837426,0.9403540568148836,0.03099824172882059,0.782031238079071,0.9803125262260437
82,335872,1820.0346216020685,32,0.942255857711037,0.0276036743504037,0.8143749833106995,0.9817187786102295,41.0625,19.629278992107682,13.0,132.0,1.442369781434536,0.7375788241624832,-0.009574149851687253,0.0033019861148204654,0.060658197395079605,0.942255857711037,0.0276036743504037,0.8143749833106995,0.9817187786102295
83,339968,1863.940950595424,34,0.942802631855011,0.027074714718205526,0.859375,0.9803125262260437,40.67368421052632,19.253129399911867,14.0,100.0,1.4858828261494637,0.7342909872531891,0.0006041883061698172,0.0030961714510340244,0.051889138203034924,0.942802631855011,0.027074714718205526,0.859375,0.9803125262260437
84,344064,1851.3017491809705,36,0.9312970609550016,0.03515735389977411,0.7989062666893005,0.9760937690734863,48.855421686746986,25.000786749124366,17.0,143.0,1.5433031469583511,0.7269915491342545,0.01685543416533619,0.003077683024457656,0.04835563694903651,0.9312970609550016,0.03515735389977411,0.7989062666893005,0.9760937690734863
85,348160,1857.1781491705929,38,0.9225120219664696,0.05433127318155095,0.49656251072883606,0.9789062738418579,55.1025641025641,38.63557207189786,15.0,358.0,1.5834853053092957,0.7236880920827389,0.019693139067385346,0.003292062334367074,0.049298988401985655,0.9225120219664696,0.05433127318155095,0.49656251072883606,0.9789062738418579
86,352256,1844.631971001048,40,0.9170102672790413,0.03403953160335945,0.8284375071525574,0.9803125262260437,59.014925373134325,24.205890819541533,14.0,122.0,1.610882617533207,0.6782158613204956,0.014766845619305968,0.002686278850887902,0.045818453931977345,0.9170102672790413,0.03403953160335945,0.8284375071525574,0.9803125262260437
87,356352,1869.0448013885434,43,0.9152882896678548,0.04241956442351448,0.75390625,0.9775000214576721,60.23943661971831,30.165022552587224,16.0,175.0,1.5643823370337486,0.6680061407387257,0.007617681614647154,0.0033907609613379464,0.049616158788086576,0.9152882896678548,0.04241956442351448,0.75390625,0.9775000214576721
88,360448,1856.9687752322147,45,0.9282091313447708,0.03298171315326076,0.8439062237739563,0.9817187786102295,51.05128205128205,23.453662682577733,13.0,111.0,1.542862705886364,0.6654087565839291,-0.006891979035572149,0.003951958366087638,0.05206415974067084,0.9282091313447708,0.03298171315326076,0.8439062237739563,0.9817187786102295
89,364544,1849.6286916415095,47,0.9289843752270653,0.03297770520731074,0.831250011920929,0.9732812643051147,50.5,23.4508097128964,19.0,120.0,1.5017374828457832,0.7047541216015816,-0.01858098735101521,0.0036755039473064244,0.052295406418074036,0.9289843752270653,0.03297770520731074,0.831250011920929,0.9732812643051147
90,368640,1834.7130114288113,49,0.943384376168251,0.02001684099769119,0.8973437547683716,0.9789062738418579,40.26,14.234198256312155,15.0,73.0,1.4267779365181923,0.7327463701367378,-0.0165627101669088,0.0030886701424606144,0.058583328443834654,0.943384376168251,0.02001684099769119,0.8973437547683716,0.9789062738418579
91,372736,1866.4896910968632,52,0.9383279656626514,0.03514725446360671,0.6934375166893005,0.9817187786102295,43.855670103092784,24.99360317778719,13.0,218.0,1.4496924877166748,0.7355690151453018,-0.001512015085609164,0.0028330715285846964,0.05868714963409516,0.9383279656626514,0.03514725446360671,0.6934375166893005,0.9817187786102295
92,376832,1870.7525735566348,54,0.9374632351538714,0.032839931255425725,0.7721874713897705,0.9775000214576721,44.470588235294116,23.352837457170768,16.0,162.0,1.4951528906822205,0.7377321608364582,0.007567301880044397,0.0030639030155725777,0.04971751328051145,0.9374632351538714,0.032839931255425725,0.7721874713897705,0.9775000214576721
93,380928,1803.999068381746,56,0.9317805247251377,0.03366454835217855,0.8157812356948853,0.9760937690734863,48.51162790697674,23.9392371243134,17.0,131.0,1.4853193834424019,0.7239103466272354,0.012295721739064902,0.0027162369224242866,0.04997443406607602,0.9317805247251377,0.03366454835217855,0.8157812356948853,0.9760937690734863
94,385024,1810.3805973774572,58,0.9376371162278312,0.03175893104694776,0.8017187714576721,0.9831249713897705,44.3469387755102,22.584129356523132,12.0,141.0,1.48291727155447,0.7316043600440025,-0.009703625008114614,0.003114060469670221,0.05293788020605601,0.9376371162278312,0.03175893104694776,0.8017187714576721,0.9831249713897705
95,389120,1852.1404118553414,61,0.9289122583010258,0.02859757052054374,0.8382812738418579,0.9732812643051147,50.55128205128205,20.336053266524175,19.0,115.0,1.489031843841076,0.7074647508561611,0.004656531218643067,0.0029311131220310926,0.05518614526014393,0.9289122583010258,0.02859757052054374,0.8382812738418579,0.9732812643051147
96,393216,1828.1598764588678,63,0.9330955891048207,0.028848091516506375,0.7975000143051147,0.9760937690734863,47.576470588235296,20.51419965641488,17.0,144.0,1.4523650258779526,0.7165283672511578,-0.0033157535799546167,0.0030158536683302373,0.05609458205655763,0.9330955891048207,0.028848091516506375,0.7975000143051147,0.9760937690734863
97,397312,1838.0057532799772,65,0.9395730188577482,0.026818923783488557,0.8551562428474426,0.9760937690734863,42.97029702970297,19.071234596131532,17.0,103.0,1.447440542280674,0.7244206182658672,-0.018907893332652748,0.0029583411378553137,0.05043422012814491,0.9395730188577482,0.026818923783488557,0.8551562428474426,0.9760937690734863
98,401408,1828.978087866565,67,0.9422988726737651,0.025506614332330365,0.8453124761581421,0.9789062738418579,41.03191489361702,18.138035812669827,15.0,110.0,1.4513213485479355,0.7203933671116829,-0.011235542828217149,0.002969979468616657,0.057136836858715595,0.9422988726737651,0.025506614332330365,0.8453124761581421,0.9789062738418579
99,405504,1856.336724325198,69,0.9354032239606304,0.0436966985719111,0.6020312309265137,0.9803125262260437,45.935483870967744,31.07320750688395,14.0,283.0,1.4341717511415482,0.7326963841915131,-0.0015341837679443415,0.0029786151426378638,0.05211697305449362,0.9354032239606304,0.0436966985719111,0.6020312309265137,0.9803125262260437
100,409600,1843.7991033573176,72,0.9441335206682032,0.022379754446586193,0.8734375238418579,0.9760937690734863,39.72727272727273,15.914492589465908,17.0,90.0,1.3936808705329895,0.7541154697537422,-0.00806746009766357,0.00273039068270009,0.04837911307468998,0.9441335206682032,0.022379754446586193,0.8734375238418579,0.9760937690734863
101,413696,1829.7937189029888,74,0.9480357141721816,0.019308256396496404,0.887499988079071,0.9789062738418579,36.95238095238095,13.730314706885395,15.0,80.0,1.3983338251709938,0.7655129544436932,-0.010187607404077426,0.002459795432514511,0.043651526349800754,0.9480357141721816,0.019308256396496404,0.887499988079071,0.9789062738418579
102,417792,1838.0083096153921,76,0.9470819250957386,0.024069217511036755,0.8003125190734863,0.9831249713897705,37.630630630630634,17.115889002884476,12.0,142.0,1.4342990443110466,0.770038578659296,-0.0016010919953259872,0.0024834012147039175,0.04065515622801841,0.9470819250957386,0.024069217511036755,0.8003125190734863,0.9831249713897705
103,421888,1843.8000927702524,78,0.9456062495708466,0.023897052465210067,0.8509374856948853,0.9831249713897705,38.68,16.993457564604093,12.0,106.0,1.4071474373340607,0.7625165246427059,0.005501956729858648,0.0020599870767910033,0.04193466216257024,0.9456062495708466,0.023897052465210067,0.8509374856948853,0.9831249713897705
104,425984,1840.4846043576108,81,0.9426056988099042,0.025952186819510017,0.8396875262260437,0.9775000214576721,40.81372549019608,18.454889565256707,16.0,114.0,1.4384025037288666,0.7595399767160416,0.0021520177833735943,0.002302544889971614,0.042498030031551545,0.9426056988099042,0.025952186819510017,0.8396875262260437,0.9775000214576721
105,430080,1854.6543579149597,83,0.9451429855148747,0.02100644875155887,0.8762500286102295,0.9789062738418579,39.009433962264154,14.93791887895761,15.0,88.0,1.4534594789147377,0.7673311792314053,0.0023166363353084307,0.002165847414289601,0.038466237546934,0.9451429855148747,0.02100644875155887,0.8762500286102295,0.9789062738418579
106,434176,1837.1821970342648,85,0.943829598291865,0.024105842770871945,0.8354687690734863,0.9803125262260437,39.943396226415096,17.141932581147014,14.0,117.0,1.4768860712647438,0.762886106967926,0.006104215673985891,0.002201000250352081,0.04135744677534146,0.943829598291865,0.024105842770871945,0.8354687690734863,0.9803125262260437
107,438272,1811.9808903116716,87,0.9446461364334705,0.022005823599101644,0.8762500286102295,0.9817187786102295,39.36274509803921,15.648585236864614,13.0,88.0,1.4941796138882637,0.7717642076313496,0.004265681387096265,0.0020013566681882367,0.03899830050536873,0.9446461364334705,0.022005823599101644,0.8762500286102295,0.9817187786102295
108,442368,1797.6659446649514,90,0.9415444060375816,0.022066219432750306,0.8607812523841858,0.9760937690734863,41.56842105263158,15.691534849337648,17.0,99.0,1.4831568226218224,0.7498369254171848,0.01320009317714721,0.002391258443822153,0.046747590181737235,0.9415444060375816,0.022066219432750306,0.8607812523841858,0.9760937690734863
109,446464,1834.7126195549176,92,0.9354296873013178,0.029345884031841577,0.7834374904632568,0.9746875166893005,45.916666666666664,20.868185134161784,18.0,154.0,1.4884204119443893,0.7253897488117218,0.00431049336475553,0.0023106775188352913,0.04222464544211851,0.9354296873013178,0.029345884031841577,0.7834374904632568,0.9746875166893005
110,450560,1839.6588257126296,94,0.9369626896721976,0.032157937433782625,0.7764062285423279,0.9760937690734863,44.826530612244895,22.867866016019377,17.0,159.0,1.4874789714813232,0.7313067875802517,-0.0012751806898450013,0.002646074994117953,0.04346291856299125,0.9369626896721976,0.032157937433782625,0.7764062285423279,0.9760937690734863
111,454656,1811.9828014311188,96,0.935113787651062,0.02814836462513429,0.8424999713897705,0.9789062738418579,46.141304347826086,20.016613492046577,15.0,112.0,1.4787958934903145,0.7363313436508179,-0.0018208000037702732,0.0022944344236748293,0.03916206830114051,0.935113787651062,0.02814836462513429,0.8424999713897705,0.9789062738418579
112,155647,1819.2263171833588,15,0.4239482755804884,0.19310477607525764,0.0,0.7749999761581421,25.23448275862069,7.829223586910817,10.0,40.0,1.6015155985951424,0.5854236744344234,0.19272366538643837,0.025818334543146193,0.1906316185013291,0.4239482755804884,0.19310477607525764,0.0,0.7749999761581421
113,159743,1801.6102810439058,18,0.1409374999015459,0.20350695536352073,0.0,0.6850000023841858,35.482142857142854,7.2604384741374055,14.0,40.0,1.654427208006382,0.40146044455468655,0.22247865051031113,0.024427235824987292,0.14834991802382813,0.1409374999015459,0.20350695536352073,0.0,0.6850000023841858
114,163839,1857.583983222364,20,0.051580188620202944,0.12694817940931355,0.0,0.5724999904632568,38.4622641509434,4.2073039103890775,19.0,40.0,1.745963841676712,0.23547315131872892,0.16199979651719332,0.009837766760028899,0.10062897951515432,0.051580188620202944,0.12694817940931355,0.0,0.5724999904632568
115,167935,1841.3123087734912,22,0.015624999785079407,0.0761433271295794,0.0,0.5274999737739563,39.51923076923077,2.5456628622588706,21.0,40.0,1.7908245548605919,0.13322965800762177,0.10246471082791686,0.0039603351906407624,0.06527683869774636,0.015624999785079407,0.0761433271295794,0.0,0.5274999737739563
116,172031,1826.9743419811487,24,0.014166666742633371,0.06994337174919925,0.0,0.550000011920929,39.588235294117645,2.293866250680111,20.0,40.0,1.8546104729175568,0.0746410139836371,0.057583839166909456,0.0017254333943128586,0.03690732741141231,0.014166666742633371,0.06994337174919925,0.0,0.550000011920929
117,176127,1850.4646429308482,27,0.0041666666374487035,0.029630761292253775,0.0,0.23499999940395355,39.90196078431372,0.7072426979165268,34.0,40.0,1.8913900554180145,0.04549518250860274,0.03583529847674072,0.0005068553600722225,0.018915604763214758,0.0041666666374487035,0.029630761292253775,0.0,0.23499999940395355
118,180223,1733.7241054778328,29,0.004519230829408536,0.037310542605340516,0.0,0.3700000047683716,39.88461538461539,1.171025949818333,28.0,40.0,1.9100115299224854,0.026921030948869884,0.01940739795099944,0.00040435987648379523,0.011986360384094341,0.004519230829408536,0.037310542605340516,0.0,0.3700000047683716
119,184319,1852.146601861885,31,0.011102940960257662,0.07060190455630842,0.0,0.5724999904632568,39.63725490196079,2.4804696570082676,19.0,40.0,1.9202352464199066,0.018958477769047022,0.008333551289979368,0.0009220112096954836,0.013268933385473313,0.011102940960257662,0.07060190455630842,0.0,0.5724999904632568
120,188415,1844.629990390242,34,0.006868931853655473,0.06937281117726601,0.0,0.7074999809265137,39.737864077669904,2.6474430420949138,13.0,40.0,1.9258534982800484,0.011549624090548605,0.006216763154952787,0.0006791462246837909,0.010074967291404864,0.006868931853655473,0.06937281117726601,0.0,0.7074999809265137
121,192511,1797.6721521197992,36,0.010122549007920659,0.07885235118038102,0.0,0.7524999976158142,39.63725490196079,2.9565123056494045,11.0,40.0,1.9249988123774529,0.008425123087363318,0.0020817232652916573,0.0009100731640501181,0.01059507949963983,0.010122549007920659,0.07885235118038102,0.0,0.7524999976158142
122,196607,1825.715061307511,38,0.01330188661813736,0.06605060356491782,0.0,0.5274999737739563,39.660377358490564,2.171369415972196,21.0,40.0,1.914319820702076,0.011198309948667884,-4.556908970698714e-05,0.0008176076535164611,0.01257215969213999,0.01330188661813736,0.06605060356491782,0.0,0.5274999737739563
123,200703,1852.138415087863,40,0.01574519219306799,0.081900413709861,0.0,0.5724999904632568,39.47115384615385,2.828280024928276,19.0,40.0,1.9119862467050552,0.010526577068958431,-0.00011514258221723139,0.001111018213123316,0.011995602210744463,0.01574519219306799,0.081900413709861,0.0,0.5724999904632568
124,204799,1879.3376393611122,42,0.01654761873540424,0.07916557296870036,0.0,0.5274999737739563,39.476190476190474,2.655076855116621,21.0,40.0,1.91216479241848,0.011889038898516446,-0.0009076108061663035,0.0010080979809572455,0.013896618507203116,0.01654761873540424,0.07916557296870036,0.0,0.5274999737739563
125,208895,1842.1433258467544,45,0.004430693122419981,0.031212861822310676,0.0,0.23499999940395355,39.89108910891089,0.7694795733752652,34.0,40.0,1.919292852282524,0.008139225916238502,0.001207073248224333,0.0003339163531563827,0.00904094327903442,0.004430693122419981,0.031212861822310676,0.0,0.23499999940395355
126,212991,1837.1794465321102,47,0.030416666877036,0.10197022628324888,0.0,0.6850000023841858,39.127450980392155,3.423309855278096,14.0,40.0,1.8893217742443085,0.01756417495198548,-0.00438458764256211,0.001609068553079851,0.017890123434266193,0.030416666877036,0.10197022628324888,0.0,0.6850000023841858
127,217087,1842.1514244989348,49,0.05479545478116382,0.12873119188863846,0.0,0.5950000286102295,38.372727272727275,4.238050776024904,18.0,40.0,1.8366003409028053,0.03531980770640075,-0.009869722358416766,0.0027853976280312054,0.026741384242323134,0.05479545478116382,0.12873119188863846,0.0,0.5950000286102295
128,221183,1806.3864114966962,51,0.07527522968316297,0.15623264705059323,0.0,0.6399999856948853,37.63302752293578,5.330646294463148,16.0,40.0,1.812251627445221,0.04611054016277194,-0.016662581299897283,0.0038317496073432267,0.033124450389692535,0.07527522968316297,0.15623264705059323,0.0,0.6399999856948853
129,225279,1826.5209872899538,54,0.1376923073051322,0.19612707189588932,0.0,0.6175000071525574,35.58974358974359,6.868924008043098,17.0,40.0,1.720335878431797,0.08808523556217551,-0.025191607768647373,0.007234732562210411,0.05696905757582373,0.1376923073051322,0.19612707189588932,0.0,0.6175000071525574
130,229375,1833.8884874158318,56,0.19029166748126347,0.24274755115226138,0.0,0.7524999976158142,33.61666666666667,9.01219852323628,11.0,40.0,1.6420130729675293,0.12700531305745244,-0.027953986078500748,0.010248002712614834,0.06296579127328295,0.19029166748126347,0.24274755115226138,0.0,0.7524999976158142
131,233471,1823.2667143252545,58,0.2748333326092473,0.23603577854818164,0.0,0.7300000190734863,30.748148148148147,8.845771970598717,12.0,40.0,1.5160811096429825,0.18685979396104813,-0.054207973182201385,0.012803237012121826,0.07924241714652236,0.2748333326092473,0.23603577854818164,0.0,0.7300000190734863
132,237567,1798.4627301877094,60,0.32338541549526983,0.2447811984891745,0.0,0.7975000143051147,28.868055555555557,9.362489080083957,9.0,40.0,1.4347095638513565,0.22916164714843035,-0.03794809686951339,0.013723838375881314,0.07901132142371423,0.32338541549526983,0.2447811984891745,0.0,0.7975000143051147
133,241663,1852.1302283862142,63,0.3703947370185664,0.24865825909988282,0.0,0.7749999761581421,27.105263157894736,9.817517838521878,10.0,40.0,1.3606473430991173,0.2658806834369898,-0.03568500920664519,0.014119650237262249,0.08100995623541071,0.3703947370185664,0.24865825909988282,0.0,0.7749999761581421
134,245759,1831.429508135905,65,0.43376488282921766,0.22172232434595557,0.0,0.7975000143051147,24.636904761904763,8.875746511352544,9.0,40.0,1.297774389386177,0.3217694330960512,-0.04945797973778099,0.014041433518286794,0.08598332015609247,0.43376488282921766,0.22172232434595557,0.0,0.7975000143051147
135,249855,1759.8067910006605,67,0.4737912088550709,0.2281255327231763,0.0,0.8424999713897705,22.923076923076923,9.2251814589268,7.0,40.0,1.2077814638614655,0.361593272536993,-0.04225495958235115,0.015692735963966697,0.08072512605026018,0.4737912088550709,0.2281255327231763,0.0,0.8424999713897705
136,253951,1841.3160584132493,70,0.540753769627468,0.17080855536615436,0.0,0.7975000143051147,20.321608040201006,7.3297826705245015,9.0,40.0,1.099706009030342,0.43836170993745327,-0.047175080282613635,0.010719928483013064,0.06969506474402806,0.540753769627468,0.17080855536615436,0.0,0.7975000143051147
137,258047,1819.2367199738146,72,0.5314676610391531,0.1833816136074187,0.0,0.7975000143051147,20.64676616915423,7.669776699289551,9.0,40.0,1.1037021428346634,0.43762030079960823,-0.024615246104076505,0.010762587538920343,0.06665035627161686,0.5314676610391531,0.1833816136074187,0.0,0.7975000143051147
138,262143,1766.6430958897574,74,0.5566785718003909,0.164299771168006,0.0,0.8199999928474426,19.576190476190476,6.898336912198114,8.0,40.0,1.0843046009540558,0.47017144598066807,-0.018678815074963495,0.00970977486576885,0.08114087837549522,0.5566785718003909,0.164299771168006,0.0,0.8199999928474426
139,266239,1834.704782112197,76,0.5442610849887867,0.1622414834292513,0.0,0.8199999928474426,20.167487684729064,6.938258827702608,8.0,40.0,1.1098361983895302,0.4709736052900553,0.0010700638886191882,0.009160789719317108,0.06033572345461485,0.5442610849887867,0.1622414834292513,0.0,0.8199999928474426
140,270335,1829.7917700281448,79,0.5600833329416457,0.16053118436639516,0.0,0.8199999928474426,19.50952380952381,6.998802942674232,8.0,40.0,1.096845269203186,0.48243104852735996,-0.001516438040198409,0.009415894892299548,0.05737540434345484,0.5600833329416457,0.16053118436639516,0.0,0.8199999928474426
141,274431,1809.5789372676982,81,0.5530541888231715,0.15253533046170165,0.0,0.7975000143051147,19.842364532019705,6.706718807852989,9.0,40.0,1.1058967560529709,0.47481776773929596,0.00339382556558121,0.009131832484854385,0.056044100575602204,0.5530541888231715,0.15253533046170165,0.0,0.7975000143051147
142,278527,1813.5870781253448,83,0.5489878052618445,0.17287749471292188,0.0,0.8199999928474426,19.93658536585366,7.363116920115966,8.0,40.0,1.1273116692900658,0.4692927151918411,9.915763075696304e-05,0.009376768837682903,0.055529964784180506,0.5489878052618445,0.17287749471292188,0.0,0.8199999928474426
143,282623,1822.4650102617866,85,0.5421723302417588,0.1695907648797374,0.0,0.8199999928474426,20.218446601941746,7.150656804279278,8.0,40.0,1.1548218578100204,0.46933967992663383,0.005143294620211236,0.009258062404114753,0.06383107294151455,0.5421723302417588,0.1695907648797374,0.0,0.8199999928474426
144,286719,1792.9494163164231,88,0.539378175653782,0.18660920654713153,0.0,0.8199999928474426,20.269035532994923,7.740309519366147,8.0,40.0,1.1301425993442535,0.4535315502434969,0.0005591733715846203,0.010708087938837707,0.07042017332722719,0.539378175653782,0.18660920654713153,0.0,0.8199999928474426
145,290815,1855.4864423714248,90,0.5327073169917595,0.1880460827724659,0.0,0.8199999928474426,20.59512195121951,7.897945123907221,8.0,40.0,1.095036543905735,0.45228647254407406,-0.007053786670439877,0.011443430732470006,0.06854815940178098,0.5327073169917595,0.1880460827724659,0.0,0.8199999928474426
146,294911,1826.5287549698332,92,0.548928574755274,0.16624101631583418,0.0,0.7975000143051147,19.91625615763547,6.981882378710401,9.0,40.0,1.0746037811040878,0.465931361541152,-0.012177315205917694,0.00934024399612099,0.05817278688739211,0.548928574755274,0.16624101631583418,0.0,0.7975000143051147
147,299007,1804.7948431639197,94,0.5823542622039136,0.14399530817202114,0.0,0.7975000143051147,18.50224215246637,6.174498719299869,9.0,40.0,0.9895526245236397,0.49289556592702866,-0.027077019563876092,0.008220256917411461,0.055891704897201064,0.5823542622039136,0.14399530817202114,0.0,0.7975000143051147
148,303103,1768.361707863392,97,0.5967717405894528,0.14096749303580106,0.0,0.8199999928474426,17.882608695652173,6.11336043460572,8.0,40.0,0.9667859934270382,0.508719839155674,-0.02310572098940611,0.007562752871308476,0.05610851839161233,0.5967717405894528,0.14096749303580106,0.0,0.8199999928474426
149,307199,1751.5217285673227,15,0.5973203344944796,0.15181337486412402,0.0,0.8071428537368774,22.466257668711656,12.835572793597558,9.0,70.0,1.106906771659851,0.4853402655571699,-0.005291654590109829,0.007950510567752644,0.06554143408319113,0.5973203344944796,0.15181337486412402,0.0,0.8071428537368774
150,311295,1812.7833415127275,18,0.5784431134690782,0.15297519143274138,0.0,0.845714271068573,23.65868263473054,12.285901786018252,10.0,70.0,1.1549410074949265,0.4773337300866842,-0.0007932377702672966,0.007919885450974107,0.06307802156316586,0.5784431134690782,0.15297519143274138,0.0,0.845714271068573
151,315391,1776.6165067544516,20,0.5497186161803477,0.16528805747241726,0.0,0.8328571319580078,25.47878787878788,13.114686599052536,8.0,70.0,1.1793518364429474,0.4686846099793911,0.007759486717986874,0.008639345032861456,0.07027954035401694,0.5497186161803477,0.16528805747241726,0.0,0.8328571319580078
152,319487,1837.1794465321102,22,0.5392561420133919,0.18448407063951186,0.0,0.8199999928474426,25.50955414012739,12.485210529535097,8.0,70.0,1.2517223507165909,0.4486296735703945,0.008458027004962787,0.009570353722665459,0.06543003274248968,0.5392561420133919,0.18448407063951186,0.0,0.8199999928474426
153,323583,1848.4016351270425,24,0.5400363972802071,0.18299155268105813,0.0,0.8328571319580078,26.15286624203822,13.165853152640201,9.0,70.0,1.3017284348607063,0.4481702335178852,0.0072284574853256345,0.009752642537932843,0.0643410235131546,0.5400363972802071,0.18299155268105813,0.0,0.8328571319580078
154,327679,1828.9660156789785,27,0.4797376095234942,0.2212014695214282,0.0,0.8199999928474426,28.87074829931973,15.028893762994263,10.0,70.0,1.3382251411676407,0.41153290309011936,0.028517105907667428,0.011494435602799058,0.07893565787260678,0.4797376095234942,0.2212014695214282,0.0,0.8199999928474426
155,331775,1817.6116680131342,29,0.4860238096780247,0.20264126961356344,0.0,0.8328571319580078,28.607407407407408,14.359973329334718,10.0,70.0,1.3975550308823586,0.3932043183594942,0.017756580258719623,0.009368559578433633,0.06172755002247309,0.4860238096780247,0.20264126961356344,0.0,0.8328571319580078
156,335871,1835.5455334148758,31,0.4149972961255998,0.24058732500875957,0.0,0.7749999761581421,32.5,17.53286956409347,10.0,70.0,1.42844570428133,0.3582235276699066,0.0356000792235136,0.011954911693464965,0.07913067636734056,0.4149972961255998,0.24058732500875957,0.0,0.7749999761581421
157,339967,1840.4849987010448,33,0.44536276789396767,0.2129792674155679,0.0,0.7942857146263123,30.74015748031496,15.35368462198123,10.0,70.0,1.4713488593697548,0.34969475492835045,0.010526438840315677,0.00997874274617061,0.06979046769325198,0.44536276789396767,0.2129792674155679,0.0,0.7942857146263123
158,344063,1813.5865037734077,36,0.39834710863257244,0.23036108220722346,0.0,0.7428571581840515,33.00826446280992,15.896616339255894,12.0,70.0,1.517852894961834,0.326303206384182,0.022299718752037734,0.010994680866133422,0.07007380737878392,0.39834710863257244,0.23036108220722346,0.0,0.7428571581840515
159,348159,1840.4848015293067,38,0.37367142814397813,0.2562771396594129,0.0,0.7685714364051819,34.232,17.999615995903913,11.0,70.0,1.4936164990067482,0.3110963422805071,0.022885273792780936,0.012412197480443865,0.08165842321569597,0.37367142814397813,0.2562771396594129,0.0,0.7685714364051819
160,352255,1845.4487411430139,40,0.3996311499447119,0.23469664655279007,0.0,0.7942857146263123,33.24590163934426,16.30161989105047,11.0,70.0,1.4902228564023972,0.31043064780533314,0.011153991217724979,0.010530093917623162,0.06893758428329422,0.3996311499447119,0.23469664655279007,0.0,0.7942857146263123
161,356351,1833.0803510962448,42,0.3541163798293163,0.24744041008793047,0.0,0.7685714364051819,34.810344827586206,15.639204601601358,11.0,70.0,1.4704829156398773,0.2935649249702692,0.018174284312408417,0.012214408430736512,0.08426216421264338,0.3541163798293163,0.24744041008793047,0.0,0.7685714364051819
162,360447,1803.2049413649547,45,0.38817972197167333,0.2457454051478101,0.0,0.8199999928474426,33.66935483870968,16.590767824399258,10.0,70.0,1.4450421705842018,0.30616494454443455,0.006142884070868604,0.011598662182223052,0.073763691740141,0.38817972197167333,0.2457454051478101,0.0,0.8199999928474426
163,364543,1828.9765301559858,47,0.42621703589191806,0.24945123935925909,0.0,0.7942857146263123,31.53846153846154,16.722694780150093,10.0,70.0,1.390472173690796,0.3144081421196461,-0.008313747006468475,0.011914510221686214,0.07452948191956277,0.42621703589191806,0.24945123935925909,0.0,0.7942857146263123
164,368639,1855.495259972742,49,0.4526785724960706,0.2337201150233865,0.0,0.8071428537368774,30.38235294117647,15.089467900575267,10.0,70.0,1.36178058385849,0.3366570211946964,-0.015104249090654776,0.012221057142596692,0.07770258188520918,0.4526785724960706,0.2337201150233865,0.0,0.8071428537368774
165,372735,1830.6196357934257,51,0.4384013604195345,0.22829378672570236,0.0,0.845714271068573,30.53968253968254,15.878832267674257,9.0,70.0,1.3867005482316017,0.34733917377889156,-0.008887529591447674,0.011004371161106974,0.07938104731986606,0.4384013604195345,0.22829378672570236,0.0,0.845714271068573
166,376831,1805.590181718586,54,0.4608928553449611,0.2003503379916148,0.0,0.845714271068573,30.40277777777778,15.1067127483688,8.0,70.0,1.382005214691162,0.3562492933124304,-0.015051723486976698,0.009844529849942774,0.06088755273671727,0.4608928553449611,0.2003503379916148,0.0,0.845714271068573
167,380927,1770.461448217576,56,0.46532275019972413,0.21164770204873834,0.0,0.8328571319580078,29.637037037037036,13.660761546695166,11.0,70.0,1.3493403643369675,0.3700233921408653,-0.0030456353561021388,0.009767002135049552,0.07328038061013269,0.46532275019972413,0.21164770204873834,0.0,0.8328571319580078
168,385023,1828.9778931525975,58,0.46381211388802185,0.21438335260621644,0.0,0.7814285755157471,29.91304347826087,15.456098773233972,11.0,70.0,1.3838399276137352,0.3568770866841078,-0.0061222132499096915,0.00967175984987989,0.0626059238266365,0.46381211388802185,0.21438335260621644,0.0,0.7814285755157471
169,389119,1828.1587092207367,61,0.4611540507914415,0.20044111182579172,0.0,0.7749999761581421,30.02238805970149,14.854752703403056,10.0,70.0,1.402037888765335,0.36245816200971603,-0.00039558011485496536,0.010168178647290915,0.06421937548298681,0.4611540507914415,0.20044111182579172,0.0,0.7749999761581421
170,393215,1850.0401976521325,63,0.4213038543978381,0.2242143558636457,0.0,0.7749999761581421,32.317460317460316,15.433241177165353,10.0,70.0,1.4301642179489136,0.3493188451975584,0.01165765607584035,0.009647686732932925,0.06677004018084959,0.4213038543978381,0.2242143558636457,0.0,0.7749999761581421
171,397311,1828.1602655385761,65,0.44389260249386586,0.22008347908604325,0.0,0.7975000143051147,30.58273381294964,14.929522334307395,9.0,70.0,1.3861756324768066,0.3575117103755474,0.005889094565645792,0.010237662761937827,0.07443011308580916,0.44389260249386586,0.22008347908604325,0.0,0.7975000143051147
172,401407,1848.793495296625,67,0.46715618453141466,0.2221942778728532,0.0,0.8199999928474426,29.328358208955223,16.351446199859822,8.0,70.0,1.415899820625782,0.35892059467732906,0.0009425740063306876,0.011589678353630006,0.07075182572259592,0.46715618453141466,0.2221942778728532,0.0,0.8199999928474426
173,405503,1810.3784988623402,69,0.46435714071350437,0.21063811699238694,0.0,0.7975000143051147,30.12142857142857,14.605511609928461,9.0,70.0,1.3579313158988953,0.38033068738877773,0.00697189867059933,0.011134829721413553,0.07490637953020132,0.46435714071350437,0.21063811699238694,0.0,0.7975000143051147
174,409599,1869.0462247589803,72,0.43812846230675084,0.232108605187287,0.0,0.7975000143051147,31.294573643410853,17.035031439244527,9.0,70.0,1.3841552138328552,0.3497016951441765,0.018421550979837775,0.010558180161751807,0.07571751416864567,0.43812846230675084,0.232108605187287,0.0,0.7975000143051147
175,413695,1855.4958611758836,74,0.4753143862939217,0.2297147682415701,0.0,0.8328571319580078,28.91549295774648,15.077496036438665,9.0,70.0,1.3762088865041733,0.35900687240064144,-0.005782323598396033,0.011882828432135284,0.07329397513996547,0.4753143862939217,0.2297147682415701,0.0,0.8328571319580078
176,417791,1840.0649215835047,76,0.44167938902405385,0.23384372964206146,0.0,0.8071428537368774,31.17557251908397,16.92032560459023,11.0,70.0,1.4044038280844688,0.34761164151132107,0.005450860669952817,0.01111552567454055,0.07878656542522514,0.44167938902405385,0.23384372964206146,0.0,0.8071428537368774
177,421887,1833.0699849682849,78,0.4118027203376331,0.2454922187073316,0.0,0.7975000143051147,32.095238095238095,15.646100265393267,9.0,70.0,1.4290986433625221,0.32653365656733513,0.014952715871913824,0.012587904697284102,0.0796051898100239,0.4118027203376331,0.2454922187073316,0.0,0.7975000143051147
178,425983,1846.2942114796742,81,0.43943230485293405,0.22741330033446713,0.0,0.7814285755157471,31.186567164179106,16.846173182720324,10.0,70.0,1.4065396785736084,0.34033546037971973,0.004662821447709575,0.011514921847265214,0.07166949550790924,0.43943230485293405,0.22741330033446713,0.0,0.7814285755157471
179,430079,1861.3993630238544,83,0.4670046931744492,0.224932729005922,0.0,0.7975000143051147,29.532846715328468,16.301919234505142,9.0,70.0,1.349579818546772,0.3451875075697899,-0.013977315655210987,0.011560179176740348,0.07908936986607334,0.4670046931744492,0.224932729005922,0.0,0.7975000143051147
180,434175,1833.8914238343225,85,0.48639677199598863,0.23064793834393524,0.0,0.8328571319580078,28.08219178082192,15.587361779688422,8.0,70.0,1.3021730929613113,0.36452527344226837,-0.015783208014909178,0.012474953953642398,0.08149123530186975,0.48639677199598863,0.23064793834393524,0.0,0.8328571319580078
181,438271,1833.0535558735623,87,0.4948969342364561,0.21064610290936203,0.0,0.8585714101791382,28.59731543624161,15.366187696912386,9.0,70.0,1.2831659466028214,0.3907419517636299,-0.012817281996831298,0.011574057687539607,0.08129439727428198,0.4948969342364561,0.21064610290936203,0.0,0.8585714101791382
182,442367,1833.0703761407963,90,0.5027207363810804,0.2079619825523825,0.0,0.8328571319580078,27.73611111111111,15.287515835874013,9.0,70.0,1.2949841618537903,0.38781880773603916,-0.010766956242150627,0.009998076304327697,0.06656215371611768,0.5027207363810804,0.2079619825523825,0.0,0.8328571319580078
183,446463,1843.7998948875804,92,0.525462454614731,0.18998530975873007,0.0,0.8328571319580078,26.615384615384617,13.724141904174452,10.0,70.0,1.2465904131531715,0.41879627481102943,-0.013081647193757817,0.010548066056799144,0.0669794889910266,0.525462454614731,0.18998530975873007,0.0,0.8328571319580078
184,450559,1858.8636915604457,94,0.5292578852892696,0.19638086682432868,0.0,0.8071428537368774,25.974025974025974,14.375280032031561,10.0,70.0,1.2370334789156914,0.4181113503873348,-0.012980165192857385,0.01049300329759717,0.06657002611089159,0.5292578852892696,0.19638086682432868,0.0,0.8071428537368774
185,454655,1827.3449235535386,96,0.5573937081332717,0.16429246424720223,0.0,0.7975000143051147,25.166666666666668,13.207892061128177,9.0,70.0,1.2032486647367477,0.44594732485711575,-0.02053714927751571,0.008865728392265737,0.06990500268898495,0.5573937081332717,0.16429246424720223,0.0,0.7975000143051147
186,458751,1775.0663055340128,16,0.55857516466323,0.15081083039507362,0.0,0.8071428537368774,18.94240837696335,11.547390741772617,7.0,70.0,1.1462323367595673,0.4600689187645912,-0.007179351669037715,0.008299762499518692,0.06351164117109714,0.55857516466323,0.15081083039507362,0.0,0.8071428537368774
187,462847,1766.6429142220466,18,0.5324603152094465,0.16453324325503801,0.0,0.845714271068573,20.57070707070707,13.779744705418736,8.0,70.0,1.1331593468785286,0.44708566553890705,0.008306374904350378,0.009128463920205832,0.059743477201154985,0.5324603152094465,0.16453324325503801,0.0,0.845714271068573
188,466943,1782.0167400898422,20,0.53634060177897,0.1722841184324632,0.0,0.8714285492897034,20.68472906403941,14.545973095705147,7.0,70.0,1.1779524609446526,0.4389831256121397,-0.0021558961670962162,0.009242001600796357,0.05813653335521424,0.53634060177897,0.1722841184324632,0.0,0.8714285492897034
189,471039,1764.359943671507,23,0.5361188025194772,0.1698620570430742,0.0,0.8199999928474426,20.591836734693878,13.704488118335151,7.0,70.0,1.1823595240712166,0.4424901958554983,0.004809912126802374,0.008592435653554276,0.06389531594394901,0.5361188025194772,0.1698620570430742,0.0,0.8199999928474426
190,475135,1812.78429791849,25,0.5022556370026187,0.19225117205724393,0.0,0.8585714101791382,21.71578947368421,13.902414146959277,7.0,70.0,1.2258275523781776,0.418091781437397,0.012013092084089294,0.01030346646439284,0.07452275844291936,0.5022556370026187,0.19225117205724393,0.0,0.8585714101791382
191,479231,1815.1941980964616,27,0.5204824203362015,0.18954138519492228,0.0,0.8585714101791382,21.041884816753928,12.94484168657144,7.0,70.0,1.209755539894104,0.4110661968588829,-0.008030210505239666,0.009523442306090146,0.06394018655800676,0.5204824203362015,0.18954138519492228,0.0,0.8585714101791382
192,483327,1836.3554527131664,29,0.5022230685793142,0.2068166499160071,0.0,0.8199999928474426,22.0427807486631,15.74761806180154,7.0,70.0,1.2324262261390686,0.40523301996290684,0.004303320522012655,0.011640559823717922,0.07454050839006875,0.5022230685793142,0.2068166499160071,0.0,0.8199999928474426
193,487423,1846.387075965865,32,0.49531659987327215,0.2038598546446695,0.0,0.8071428537368774,21.89189189189189,13.954721730758633,8.0,70.0,1.2565059438347816,0.3974570371210575,-0.0027463792212074623,0.010729602538049221,0.08031295950962666,0.49531659987327215,0.2038598546446695,0.0,0.8071428537368774
194,491519,1823.2758088619307,34,0.5139644730974127,0.19526069088554804,0.0,0.8585714101791382,21.44973544973545,15.036247647476966,7.0,70.0,1.2197241261601448,0.4183116313070059,0.004432683072082,0.010469465691130608,0.06436370553770501,0.5139644730974127,0.19526069088554804,0.0,0.8585714101791382
195,495615,1818.4175755736605,36,0.5289842032607476,0.18765808804869247,0.0,0.8199999928474426,20.497487437185928,14.936675166977826,7.0,70.0,1.1974499970674515,0.4224020726978779,-0.003039740739041008,0.01032447669422254,0.07137611550774609,0.5289842032607476,0.18765808804869247,0.0,0.8199999928474426
196,499711,1823.2758088619307,38,0.5422513969242573,0.17446484031668735,0.0,0.8071428537368774,20.372549019607842,15.113246733770755,7.0,70.0,1.169207789003849,0.43584977835416794,-0.005347888611140661,0.00862894204328768,0.06412646459225503,0.5422513969242573,0.17446484031668735,0.0,0.8071428537368774
197,503807,1833.891032311314,41,0.5199744873965273,0.17036105211368852,0.0,0.8071428537368774,21.168367346938776,15.534268221296381,7.0,70.0,1.2193460166454315,0.41326742246747017,0.013863610161934048,0.0075836933683604,0.0643526447186568,0.5199744873965273,0.17036105211368852,0.0,0.8071428537368774
198,507903,1826.1099770884166,43,0.5130840739002451,0.18820912831006703,0.0,0.7814285755157471,21.583333333333332,16.20003000683092,8.0,70.0,1.2063520848751068,0.4145077168941498,0.00781866427132627,0.009616129857022315,0.06728712429749173,0.5130840739002451,0.18820912831006703,0.0,0.7814285755157471
199,511999,1839.6592197022792,45,0.5279550365914548,0.18869561949981334,0.0,0.8199999928474426,20.83248730964467,16.61500026827606,7.0,70.0,1.19330183416605,0.40507711842656136,-0.0013146226337994449,0.008846931654261425,0.06722754513197307,0.5279550365914548,0.18869561949981334,0.0,0.8199999928474426
200,516095,1807.1829636259056,48,0.50612405703256,0.19798530274607462,0.0,0.7814285755157471,21.50526315789474,17.061112251155766,8.0,70.0,1.2105793133378029,0.39140520617365837,0.016393092460930347,0.009684890101198107,0.07865264660119288,0.50612405703256,0.19798530274607462,0.0,0.7814285755157471
201,520191,1837.1812147111214,50,0.5490218121650183,0.1679796968678193,0.0,0.8199999928474426,19.67487684729064,15.402088955614303,7.0,70.0,1.1306750625371933,0.42462601512670517,-0.0017233767357538454,0.008180083794286475,0.06978257847404461,0.5490218121650183,0.1679796968678193,0.0,0.8199999928474426
202,524287,1809.580652717973,52,0.5384015202956293,0.18485159768668022,0.0,0.8199999928474426,20.368932038834952,16.915547103505556,7.0,70.0,1.1552066132426262,0.41029043309390545,-0.0028838937723776326,0.008847134711686522,0.06870348262955439,0.5384015202956293,0.18485159768668022,0.0,0.8199999928474426
203,528383,1850.464244299331,54,0.5367013613632576,0.18835103432847441,0.0,0.8071428537368774,20.105527638190956,16.942525355599013,7.0,70.0,1.1915618181228638,0.3988703843206167,0.009116149536566809,0.008680894447024912,0.07724359861206476,0.5367013613632576,0.18835103432847441,0.0,0.8071428537368774
204,532479,1846.2940130612863,56,0.531183365936303,0.19457192030056172,0.0,0.7749999761581421,20.875621890547265,17.62035945715415,7.0,70.0,1.2137682810425758,0.39580606669187546,0.007535904733231291,0.008369819028303027,0.07062292388992164,0.531183365936303,0.19457192030056172,0.0,0.7749999761581421
205,536575,1820.0350072309334,59,0.5208810693040717,0.19439418473907175,0.0,0.7749999761581421,20.766497461928935,17.15963550830589,7.0,70.0,1.2200827822089195,0.3861104343086481,0.002617685441236972,0.00923639498068951,0.0745454155413885,0.5208810693040717,0.19439418473907175,0.0,0.7749999761581421
206,540671,1802.4098113110156,61,0.5451314817761901,0.1912241653762883,0.0,0.7942857146263123,19.875621890547265,16.632087094849673,7.0,70.0,1.1655808985233307,0.39440749771893024,-0.011820028710644692,0.00850663922028616,0.07223209701636274,0.5451314817761901,0.1912241653762883,0.0,0.7942857146263123
207,544767,1843.799697004951,63,0.545993193771158,0.16324538732952865,0.0,0.8585714101791382,20.18095238095238,15.3277097052122,7.0,70.0,1.1084441170096397,0.41301560401916504,-0.0127076792268781,0.00871247483883053,0.06770151153111147,0.545993193771158,0.16324538732952865,0.0,0.8585714101791382
208,548863,1825.714091208822,65,0.5462254865058497,0.19325809953103387,0.0,0.7814285755157471,19.818627450980394,16.217620714689346,7.0,70.0,1.1372824162244797,0.4140986669808626,-0.007100159775291104,0.01016027299920097,0.06864809432290289,0.5462254865058497,0.19325809953103387,0.0,0.7814285755157471
209,552959,1832.250454120014,68,0.5636887954014568,0.1629902638475459,0.0,0.7814285755157471,19.206572769953052,14.862896235196748,7.0,70.0,1.1521944105625153,0.4249081965535879,-0.01460682024480775,0.007712594320764765,0.0661398770382039,0.5636887954014568,0.1629902638475459,0.0,0.7814285755157471
210,557055,1829.7939137907015,70,0.5321179789616101,0.18885508099225362,0.0,0.845714271068573,20.606965174129353,16.145167052342348,7.0,70.0,1.1550887748599052,0.4118735920637846,0.005860674878931604,0.009900199249386787,0.07038852856972877,0.5321179789616101,0.18885508099225362,0.0,0.845714271068573
211,561151,1818.419115350358,72,0.5478035692870616,0.16602410806862195,0.0,0.7942857146263123,19.69,14.17229339239066,7.0,70.0,1.1511889100074768,0.42157294414937496,-0.004746141057694331,0.009127373312367126,0.06542199081599755,0.5478035692870616,0.16602410806862195,0.0,0.7942857146263123
212,565247,1822.4648169321213,75,0.5524470245011115,0.16997454561995853,0.0,0.7749999761581421,19.870813397129186,14.059598359730966,7.0,70.0,1.0986659675836563,0.4408712927252054,-0.012235469068400562,0.009439987101359293,0.061828016264282824,0.5524470245011115,0.16997454561995853,0.0,0.7749999761581421
213,569343,1827.3445348208045,77,0.5506868102372839,0.15909801825833395,0.0,0.8714285492897034,19.77403846153846,13.987697171170344,7.0,70.0,1.1316239461302757,0.4480369668453932,-0.0015419201445183717,0.008660582709126174,0.0594570584823095,0.5506868102372839,0.15909801825833395,0.0,0.8714285492897034
214,573439,1844.6297923293955,79,0.5517030239398844,0.14932023032367064,0.0,0.8328571319580078,19.74384236453202,13.211929189976908,7.0,70.0,1.1513528674840927,0.4422079548239708,-0.007672668129089288,0.008053438301431015,0.05932147402308485,0.5517030239398844,0.14932023032367064,0.0,0.8328571319580078
215,577535,1847.9590528739748,81,0.5625819100425877,0.16532361554373037,0.0,0.8585714101791382,19.674311926605505,15.207415523746173,7.0,70.0,1.0962336510419846,0.4500437155365944,-0.012014554144116119,0.008149354776833206,0.05308669271638705,0.5625819100425877,0.16532361554373037,0.0,0.8585714101791382
216,581631,1806.386791363681,83,0.5763621225953102,0.16531468942276686,0.0,0.8585714101791382,18.548837209302327,14.291847929941355,8.0,70.0,1.1122995987534523,0.4521909859031439,-0.012889535952126607,0.008969936694484204,0.06204682374360003,0.5763621225953102,0.16531468942276686,0.0,0.8585714101791382
217,585727,1734.4671312947098,86,0.5581690126531561,0.1729440778240658,0.0,0.8328571319580078,19.539906103286384,14.726443080825039,7.0,70.0,1.1160082146525383,0.4432047475129366,-0.002964954557683086,0.008929160423576832,0.05775061614139518,0.5581690126531561,0.1729440778240658,0.0,0.8328571319580078
218,589823,1814.390186418922,88,0.5708289622508604,0.14191677174363646,0.0,0.8199999928474426,19.077981651376145,13.263330547440656,8.0,70.0,1.086949311196804,0.4696784894913435,-0.013437487999908626,0.00724945988622494,0.056381307755264065,0.5708289622508604,0.14191677174363646,0.0,0.8199999928474426
219,593919,1852.9774364304178,90,0.5594348081396622,0.1588817055298954,0.0,0.8071428537368774,19.436893203883496,13.851620004735363,7.0,70.0,1.1442345827817917,0.45736323669552803,0.001252744987141341,0.008349686162546277,0.05590665989917859,0.5594348081396622,0.1588817055298954,0.0,0.8071428537368774
220,598015,1820.0323078323113,93,0.5477121602928284,0.16789375146621366,0.0,0.8328571319580078,20.019801980198018,14.66286492748195,7.0,70.0,1.1669255942106247,0.4470237884670496,0.0076122765967738815,0.007864215498557314,0.05438679436139784,0.5477121602928284,0.16789375146621366,0.0,0.8328571319580078
221,602111,1829.7935240153176,95,0.5571938739646048,0.17359172217379115,0.0,0.7942857146263123,19.414285714285715,14.90269345148197,7.0,70.0,1.1485771760344505,0.43702831119298935,0.0028914669310324825,0.008681535080540925,0.06246159336096538,0.5571938739646048,0.17359172217379115,0.0,0.7942857146263123
222,606207,1790.5901565360844,97,0.5725229324414096,0.15068353551421215,0.0,0.845714271068573,18.738532110091743,13.145637349765046,7.0,70.0,1.113266035914421,0.4569812919944525,-0.02027147531043738,0.007686316967010498,0.059391992692729795,0.5725229324414096,0.15068353551421215,0.0,0.845714271068573
223,307198,1815.9996904954842,15,0.5692808557631207,0.14732634536265993,0.0,0.7975000143051147,24.210884353741495,11.461993565555254,9.0,70.0,1.213444247841835,0.4521699957549572,-0.024653197033330798,0.007224483939353377,0.06359149368375897,0.5692808557631207,0.14732634536265993,0.0,0.7975000143051147
224,311294,1823.276776371172,18,0.5289055301777779,0.16365108236964815,0.0,0.7814285755157471,26.219354838709677,12.59762956081456,10.0,70.0,1.2468381598591805,0.44545669108629227,0.008420523925451562,0.007745307142613456,0.061752550678154834,0.5289055301777779,0.16365108236964815,0.0,0.7814285755157471
225,315390,1839.657840739244,20,0.5248562174958068,0.17279910234239962,0.0,0.8585714101791382,27.01948051948052,13.286293483712257,8.0,70.0,1.294699676334858,0.4367379490286112,0.0013607296132249758,0.00851528934435919,0.05441872531843345,0.5248562174958068,0.17279910234239962,0.0,0.8585714101791382
226,319486,1805.5909407831027,22,0.5108646625947011,0.18794268179770798,0.0,0.8328571319580078,27.236842105263158,13.923067210712466,9.0,70.0,1.335655651986599,0.42725852131843567,0.014046081370906904,0.009162534086499363,0.06273536241275576,0.5108646625947011,0.18794268179770798,0.0,0.8328571319580078
227,323582,1846.2932193881609,24,0.49391121049929,0.19146456140513662,0.0,0.8071428537368774,28.458333333333332,13.529225053769915,11.0,70.0,1.3269681632518768,0.41370205767452717,0.012344895163550973,0.008983213076135144,0.06514428331408295,0.49391121049929,0.19146456140513662,0.0,0.8071428537368774
228,327678,1850.0388030825457,27,0.43543869738034374,0.21881263158987457,0.0,0.8199999928474426,30.984251968503937,15.238773718395088,10.0,70.0,1.4096965342760086,0.36227826215326786,0.031865181401371956,0.010405345994513482,0.07654302325836906,0.43543869738034374,0.21881263158987457,0.0,0.8199999928474426
229,331774,1862.2461921219665,29,0.43740259901140677,0.2262035485871659,0.0,0.8071428537368774,31.446969696969695,15.263997249389977,12.0,70.0,1.4192860201001167,0.35531917959451675,0.012071484394255094,0.011465954419691116,0.07519855341702514,0.43740259901140677,0.2262035485871659,0.0,0.8071428537368774
230,335870,1820.0348144164805,31,0.3618903950755966,0.23941262562039425,0.0,0.7428571581840515,34.63793103448276,14.827395748576313,12.0,70.0,1.487284168601036,0.3172723725438118,0.03249585465528071,0.010000469570513815,0.07837008148118349,0.3618903950755966,0.23941262562039425,0.0,0.7428571581840515
231,339966,1841.3121114244534,33,0.3575930379393722,0.2569770311224464,0.0,0.7749999761581421,35.109243697478995,17.003108917882773,10.0,70.0,1.4969651103019714,0.28813534043729305,0.028244629502296448,0.011353342677466571,0.09017252533334807,0.3575930379393722,0.2569770311224464,0.0,0.7749999761581421
232,344062,1860.1211972385543,35,0.35799936660095655,0.24643853989530848,0.0,0.7942857146263123,34.663716814159294,17.08780583659547,11.0,70.0,1.5297823995351791,0.26986356265842915,0.01084370211174246,0.009600470424629748,0.06750677136603431,0.35799936660095655,0.24643853989530848,0.0,0.7942857146263123
233,348158,1850.4646429308482,38,0.301733290588637,0.26527595705094126,0.0,0.7975000143051147,37.69724770642202,18.467181198431604,9.0,70.0,1.5652012005448341,0.23633727617561817,0.021417694399133325,0.010288651275914162,0.07495793869643781,0.301733290588637,0.26527595705094126,0.0,0.7975000143051147
234,352254,1822.4624969793356,40,0.344462732128475,0.26612684227655886,0.0,0.7749999761581421,35.52173913043478,17.7535533864348,10.0,70.0,1.5049600526690483,0.25281872134655714,-0.0038371637783711776,0.012196056195534766,0.0719373861322914,0.344462732128475,0.26612684227655886,0.0,0.7749999761581421
235,356350,1811.1802948830605,42,0.3702130847994019,0.2591316650447267,0.0,0.7975000143051147,34.27731092436975,17.87205901985578,9.0,70.0,1.4623036459088326,0.26831954158842564,-0.005804505279229488,0.012030566344037652,0.07647308681143267,0.3702130847994019,0.2591316650447267,0.0,0.7975000143051147
236,360446,1865.6392017435933,44,0.38409428602457046,0.2542121428142802,0.0,0.7975000143051147,33.608,17.324154697993205,9.0,70.0,1.4397969022393227,0.28347242809832096,-0.008864894960424863,0.011716894689016044,0.07360558205348881,0.38409428602457046,0.2542121428142802,0.0,0.7975000143051147
237,364542,1839.6582347284716,47,0.41731859607592464,0.23965713542601633,0.0,0.8585714101791382,32.08730158730159,17.05407824486744,11.0,70.0,1.398323230445385,0.30265689454972744,-0.013593787924037315,0.011541742249391973,0.07585394480969815,0.41731859607592464,0.23965713542601633,0.0,0.8585714101791382
238,368638,1788.2436122629479,49,0.4191848424099784,0.2453487853869093,0.0,0.7975000143051147,32.25190839694657,17.606965793390525,9.0,70.0,1.4005292057991028,0.29950277134776115,-0.01908213784918189,0.01278589537832886,0.07534209158470744,0.4191848424099784,0.2453487853869093,0.0,0.7975000143051147
239,372734,1833.0701805545198,51,0.4830197047056823,0.21736290189890595,0.0,0.845714271068573,28.379310344827587,14.43514340218403,10.0,70.0,1.3116800636053085,0.3528519347310066,-0.03089566610287875,0.011470530414953828,0.07242097854338486,0.4830197047056823,0.21736290189890595,0.0,0.845714271068573
240,376830,1860.5545127129474,53,0.4904320674551117,0.20660349439929754,0.0,0.8071428537368774,28.384615384615383,15.817987051535997,10.0,70.0,1.3063299134373665,0.36284185014665127,-0.022811375791206956,0.010470718669239432,0.07235528227786181,0.4904320674551117,0.20660349439929754,0.0,0.8071428537368774
241,380926,1831.429703372223,56,0.48450644883430666,0.19593312475789082,0.0,0.7975000143051147,28.86111111111111,14.213457585795577,9.0,70.0,1.2764382436871529,0.38849317841231823,-0.006399207652066252,0.009881990030407906,0.06856249349979182,0.48450644883430666,0.19593312475789082,0.0,0.7975000143051147
242,385022,1825.7146732679118,58,0.5310130729005228,0.18585583381205323,0.0,0.8199999928474426,26.287581699346404,14.583396953413892,8.0,70.0,1.2202806249260902,0.4061741605401039,-0.021224125055596232,0.009506270464044064,0.06521224639677704,0.5310130729005228,0.18585583381205323,0.0,0.8199999928474426
243,389118,1834.7124236180334,60,0.5277106219377273,0.19052044763464757,0.0,0.7942857146263123,26.442307692307693,14.902348973600319,11.0,70.0,1.219021700322628,0.4166074451059103,-0.017957638774532825,0.010888897348195314,0.06354592677157908,0.5277106219377273,0.19052044763464757,0.0,0.7942857146263123
244,393214,1830.6110530323963,62,0.5553419006670394,0.16033008994748332,0.0,0.8199999928474426,25.097560975609756,12.589300292551531,9.0,70.0,1.1643992587924004,0.4471368342638016,-0.024665851495228708,0.00832844659453258,0.05298510440433171,0.5553419006670394,0.16033008994748332,0.0,0.8199999928474426
245,397310,1826.5192395710858,65,0.5448677249160814,0.17113051824666553,0.0,0.8585714101791382,25.40740740740741,12.75919206561891,9.0,70.0,1.2039871886372566,0.4413861148059368,-0.002146369108231738,0.009024402708746493,0.0616677175081587,0.5448677249160814,0.17113051824666553,0.0,0.8585714101791382
246,401406,1826.5396298326589,67,0.5629676878895788,0.16492636052138276,0.0,0.7975000143051147,24.80952380952381,12.564098692851742,9.0,70.0,1.2216951698064804,0.46694547683000565,-0.013868587237084284,0.008056553720962256,0.05012448779926793,0.5629676878895788,0.16492636052138276,0.0,0.7975000143051147
247,405502,1836.3572193064397,69,0.5632164373275745,0.17849523226498054,0.0,0.845714271068573,24.59036144578313,12.771425319385227,9.0,70.0,1.2260498702526093,0.46529669500887394,0.0017285266076214612,0.010063963825814426,0.057887862017211786,0.5632164373275745,0.17849523226498054,0.0,0.845714271068573
248,409598,1828.9773090109436,71,0.5361776682960836,0.1717774317865472,0.0,0.845714271068573,26.11392405063291,12.866389677605907,9.0,70.0,1.2342007756233215,0.44795459508895874,0.009139379908447154,0.0083796642429661,0.055355324591730176,0.5361776682960836,0.1717774317865472,0.0,0.845714271068573
249,413694,1828.97633544235,74,0.5387635646930223,0.1659038016199674,0.0,0.7749999761581421,26.170886075949365,13.136186872299865,10.0,70.0,1.280969351530075,0.443053524941206,0.0012910272926092148,0.00779114052420482,0.0516291469071182,0.5387635646930223,0.1659038016199674,0.0,0.7749999761581421
250,417790,1811.1801039401796,76,0.5353889902875681,0.18551722962220263,0.0,0.8328571319580078,25.85987261146497,11.978993608891415,10.0,70.0,1.2923799231648445,0.4346924480050802,-0.001841103337937966,0.009260807128157467,0.06176645979321699,0.5353889902875681,0.18551722962220263,0.0,0.8328571319580078
251,421886,1770.4623604874312,78,0.5473915019273004,0.165832596585087,0.0,0.8328571319580078,25.696202531645568,12.748645428545668,10.0,70.0,1.2415728867053986,0.4516493808478117,-0.012766388172167353,0.007848783308872953,0.0537405998118045,0.5473915019273004,0.165832596585087,0.0,0.8328571319580078
252,425982,1780.4692830437095,81,0.5207706796201436,0.16729380455890613,0.0,0.8071428537368774,26.769736842105264,11.559611172399515,10.0,70.0,1.2817792147397995,0.43396126851439476,0.013141861199983396,0.007483246503397822,0.055536010344980645,0.5207706796201436,0.16729380455890613,0.0,0.8071428537368774
253,430078,1839.6582347284716,83,0.5027877003368404,0.20744057963460627,0.0,0.8199999928474426,27.73611111111111,14.55973619987246,10.0,70.0,1.3245994970202446,0.4070879630744457,0.009763284637301695,0.009443876770092174,0.0698751470194747,0.5027877003368404,0.20744057963460627,0.0,0.8199999928474426
254,434174,1846.2930209699862,85,0.5094957986201336,0.20583567026739238,0.0,0.8071428537368774,27.41830065359477,14.650443067687135,10.0,70.0,1.3280269727110863,0.41226449981331825,0.005002596262784209,0.010734954033978283,0.06875749313904314,0.5094957986201336,0.20583567026739238,0.0,0.8071428537368774
255,438270,1836.3578081716194,87,0.4478266903365305,0.22874583382020838,0.0,0.8199999928474426,30.48062015503876,15.600686118480358,8.0,70.0,1.405888892710209,0.35952010564506054,0.025438653130549937,0.009937400696799159,0.07253663480551399,0.4478266903365305,0.22874583382020838,0.0,0.8199999928474426
256,442366,1864.7888798687995,89,0.4404591832842146,0.24061008848119142,0.0,0.8328571319580078,31.321428571428573,17.485613620158414,9.0,70.0,1.3599324896931648,0.35432980582118034,0.017202702962094918,0.01158723293337971,0.0764444207142953,0.4404591832842146,0.24061008848119142,0.0,0.8328571319580078
257,446462,1845.4614283808348,92,0.495349596818568,0.2172351283584244,0.0,0.8328571319580078,27.528169014084508,15.155389345871498,9.0,70.0,1.3554486185312271,0.37193335220217705,-0.011400633899029344,0.01070433232234791,0.06601224726887342,0.495349596818568,0.2172351283584244,0.0,0.8328571319580078
258,450558,1814.38922831791,94,0.47188664670439734,0.2288455107089129,0.0,0.7975000143051147,29.442028985507246,15.74204106057353,9.0,70.0,1.3555825650691986,0.3658927772194147,-0.0072208850106108,0.011787014780566096,0.0786092392357444,0.47188664670439734,0.2288455107089129,0.0,0.7975000143051147
259,454654,1828.1604600784924,96,0.5145013939540881,0.1989593526437125,0.0,0.8199999928474426,27.38961038961039,15.111409505760909,8.0,70.0,1.2783242464065552,0.3920736536383629,-0.015105348284123465,0.010162025631871074,0.06571936096735606,0.5145013939540881,0.1989593526437125,0.0,0.8199999928474426
260,458750,1789.8072290010152,16,0.5057823098900299,0.16434476769081896,0.0,0.7749999761581421,15.301587301587302,4.9026553240571,7.0,28.0,1.0365927070379257,0.4430343545973301,0.0066686913996818475,0.010290985461324453,0.07322405073957569,0.5057823098900299,0.16434476769081896,0.0,0.7749999761581421
261,462846,1794.5128418322304,18,0.5324823902264028,0.16008125021695166,0.0,0.7749999761581421,14.46830985915493,4.742939448086245,7.0,28.0,0.9634901843965054,0.45860513858497143,-0.019215639506001025,0.0092954381252639,0.05345562633261129,0.5324823902264028,0.16008125021695166,0.0,0.7749999761581421
262,466942,1785.1251170263372,21,0.5562953963370646,0.13678426498000898,0.0,0.7749999761581421,13.783050847457627,4.176656376689369,7.0,28.0,0.9166803285479546,0.4868298340588808,-0.030012342613190413,0.006864203431177884,0.040642116901772135,0.5562953963370646,0.13678426498000898,0.0,0.7749999761581421
263,471038,1817.6116680131342,23,0.5753379872168652,0.12865764179293304,0.0,0.7749999761581421,13.201892744479496,3.96239375136573,7.0,28.0,0.85395298153162,0.5086029339581728,-0.022734261583536863,0.006376249395543709,0.04111977288436869,0.5753379872168652,0.12865764179293304,0.0,0.7749999761581421
264,475134,1804.7935159725441,25,0.5776986650811131,0.12011629551874282,0.16428571939468384,0.7428571581840515,13.138263665594856,3.736951429756382,8.0,26.0,0.8467527702450752,0.5136480070650578,-0.021584359055850655,0.005180756008485332,0.03648281298022331,0.5776986650811131,0.12011629551874282,0.16428571939468384,0.7428571581840515
265,479230,1803.9983106550749,27,0.590998651372228,0.12018401623448365,0.0,0.7749999761581421,12.714733542319749,3.694883674470927,7.0,28.0,0.7936388663947582,0.533026922494173,-0.009429999903659336,0.005837950157001615,0.041425150251642714,0.590998651372228,0.12018401623448365,0.0,0.7749999761581421
266,483326,1765.1194921020062,30,0.5943443288284956,0.1145107327663115,0.0,0.7749999761581421,12.610942249240122,3.517304425146799,7.0,28.0,0.7765120938420296,0.5382151640951633,-0.0073318869835929945,0.005303082667523995,0.036109593812174545,0.5943443288284956,0.1145107327663115,0.0,0.7749999761581421
267,487422,1816.804745301705,32,0.601448166752007,0.10346719688063684,0.22857142984867096,0.7749999761581421,12.399390243902438,3.2189794805947716,7.0,24.0,0.803425632417202,0.5452129505574703,-0.0076051686992286704,0.004646068729925901,0.03452030682018509,0.601448166752007,0.10346719688063684,0.22857142984867096,0.7749999761581421
268,491518,1777.3770850069652,34,0.5808911289528635,0.12542643049800428,0.0,0.7749999761581421,13.028938906752412,3.859568453726496,7.0,28.0,0.8325199894607067,0.5283854752779007,0.011720747846993618,0.0057318258041050285,0.04104966475672338,0.5808911289528635,0.12542643049800428,0.0,0.7749999761581421
269,495614,1789.8064831493332,37,0.5976801839209755,0.11357565109095827,0.1964285671710968,0.7749999761581421,12.516616314199396,3.5334647932207024,7.0,25.0,0.8052425161004066,0.5337688848376274,-0.017463434138335288,0.005313051864504814,0.03429940752472478,0.5976801839209755,0.11357565109095827,0.1964285671710968,0.7749999761581421
270,499710,1761.323580570505,39,0.5859486566390842,0.11828514192950042,0.0,0.7749999761581421,12.871875,3.6356511087252312,7.0,28.0,0.8124658167362213,0.5319662727415562,0.00500047057721531,0.005829581787111238,0.041724278338323095,0.5859486566390842,0.11828514192950042,0.0,0.7749999761581421
271,503806,1785.9033958203306,41,0.5935226217930362,0.10845046730979291,0.1964285671710968,0.7749999761581421,12.645962732919255,3.3740145796520102,7.0,25.0,0.8049296028912067,0.5342152416706085,-0.01010912685887888,0.004800614231498912,0.03425215130371671,0.5935226217930362,0.10845046730979291,0.1964285671710968,0.7749999761581421
272,507902,1810.3798342804882,44,0.5977692254690024,0.10642952931434235,0.2928571403026581,0.7749999761581421,12.513846153846155,3.311140957112793,7.0,22.0,0.8012943714857101,0.5444919727742672,-0.006818367997766472,0.004078900819877163,0.03356360355024794,0.5977692254690024,0.10642952931434235,0.2928571403026581,0.7749999761581421
273,511998,1724.244027551582,46,0.5927479198310718,0.11828639611598271,0.0,0.7749999761581421,12.660550458715596,3.636092056897168,7.0,28.0,0.8532736636698246,0.5366018861532211,0.00490318113588728,0.00547407366684638,0.04162868815445986,0.5927479198310718,0.11828639611598271,0.0,0.7749999761581421
274,516094,1789.805550835605,48,0.5852122273974525,0.11705688043466665,0.0,0.7749999761581421,12.894568690095847,3.5960222818652623,7.0,28.0,0.8994703702628613,0.5273099169135094,0.0022850736713735387,0.005289807915687561,0.042475959553921194,0.5852122273974525,0.11705688043466665,0.0,0.7749999761581421
275,520190,1815.999498535086,50,0.5599856622841047,0.13639507604665752,0.0,0.7749999761581421,13.678929765886288,4.204304712888088,7.0,28.0,0.9220179468393326,0.5059361103922129,0.015711619547801092,0.006571315345354378,0.04838974687352866,0.5599856622841047,0.13639507604665752,0.0,0.7749999761581421
276,524286,1807.183153726923,53,0.569957980825231,0.12383647317919591,0.16428571939468384,0.7749999761581421,13.379084967320262,3.8526903187418218,7.0,26.0,0.9256462305784225,0.515553180128336,0.00826470747415442,0.0059436171723064035,0.038948174033709176,0.569957980825231,0.12383647317919591,0.16428571939468384,0.7749999761581421
277,528382,1816.8055138246416,55,0.5654135298866191,0.1371121734181391,0.0,0.7749999761581421,13.5,4.188015482804538,7.0,28.0,0.9200425855815411,0.5055548902601004,0.0031645132548874244,0.007214173674583435,0.04205428599296281,0.5654135298866191,0.1371121734181391,0.0,0.7749999761581421
278,532478,1827.3445348208045,57,0.5526665019978946,0.14240698661197185,0.0,0.7749999761581421,13.875,4.279261350128396,7.0,28.0,0.9049636386334896,0.49117802642285824,0.0007663317664992064,0.008452864974969998,0.04964595497444234,0.5526665019978946,0.14240698661197185,0.0,0.7749999761581421
279,536574,1824.0879102397516,60,0.5798794310895881,0.12839799636365073,0.0,0.7749999761581421,13.060509554140127,3.953491691611505,7.0,28.0,0.8477183394134045,0.5132918171584606,-0.014210813242243603,0.00646770978346467,0.03949862729315108,0.5798794310895881,0.12839799636365073,0.0,0.7749999761581421
280,540670,1789.0251721298996,62,0.5644379346097101,0.13606549423617886,0.13214285671710968,0.7749999761581421,13.550819672131148,4.233148769942472,7.0,27.0,0.9026999995112419,0.5023037791252136,-0.0016590273080510087,0.00691437438945286,0.046317794010273444,0.5644379346097101,0.13606549423617886,0.13214285671710968,0.7749999761581421
281,544766,1810.3796435063464,64,0.5767221407163104,0.12609292693665622,0.0,0.7749999761581421,13.158576051779935,3.8805922267901187,7.0,28.0,0.8647246286273003,0.5089176334440708,-0.0024782633990980685,0.007034744368866086,0.040284854333416935,0.5767221407163104,0.12609292693665622,0.0,0.7749999761581421
282,548862,1777.3778205354085,66,0.5771951729514796,0.1268529560806162,0.0,0.7749999761581421,13.124203821656051,3.82089297052596,7.0,28.0,0.8362167812883854,0.5190454721450806,-0.0069225275292410515,0.006927873037056997,0.04257400396695479,0.5771951729514796,0.1268529560806162,0.0,0.7749999761581421
283,552958,1815.9983467735499,69,0.5933229757576995,0.10222763488554933,0.2928571403026581,0.7749999761581421,12.652173913043478,3.180415359344281,7.0,22.0,0.7972710877656937,0.5342104956507683,-0.0199245426338166,0.004495497734751552,0.03066782053207073,0.5933229757576995,0.10222763488554933,0.2928571403026581,0.7749999761581421
284,557054,1824.088684936714,71,0.5860985480956261,0.12685912926836249,0.0,0.7749999761581421,12.867088607594937,3.904888903231317,7.0,28.0,0.7760938107967377,0.525247897952795,0.002128345578967128,0.006713039911119267,0.03897269115958346,0.5860985480956261,0.12685912926836249,0.0,0.7749999761581421
285,561150,1794.11404804085,73,0.5924175790640024,0.11974840714152665,0.0,0.7749999761581421,12.670769230769231,3.6818775760754328,7.0,28.0,0.7845195643603802,0.5362801402807236,0.0012212555338919628,0.005457340914290398,0.037942689620849686,0.5924175790640024,0.11974840714152665,0.0,0.7749999761581421
286,565246,1789.0249858298353,76,0.5909000375645449,0.11587925745013786,0.10000000149011612,0.7749999761581421,12.727554179566564,3.6051325503050378,7.0,28.0,0.8275896273553371,0.5341522321105003,-0.0028096859241486527,0.005573811096837744,0.034849858312104146,0.5909000375645449,0.11587925745013786,0.10000000149011612,0.7749999761581421
287,569342,1793.7268555008372,78,0.5790620676149576,0.11837432770585656,0.16428571939468384,0.7749999761581421,13.095846645367413,3.6827569027289013,7.0,26.0,0.8649185262620449,0.5288998931646347,0.013308148510986939,0.005808309011626989,0.03830478665495816,0.5790620676149576,0.11837432770585656,0.16428571939468384,0.7749999761581421
288,573438,1820.8442235767843,80,0.5822452184785704,0.12055443414860842,0.13214285671710968,0.7749999761581421,12.996815286624203,3.7505824665633516,7.0,27.0,0.8765511363744736,0.5236642584204674,0.0016973871388472617,0.006083431362640113,0.03677007729123933,0.5822452184785704,0.12055443414860842,0.13214285671710968,0.7749999761581421
289,577534,1796.8749391667436,82,0.5806869837413927,0.13328817189281156,0.0,0.7749999761581421,13.02547770700637,4.067032352997828,7.0,28.0,0.8597561419010162,0.5207137390971184,-0.0016144798100867774,0.006587907788343728,0.04725324740801487,0.5806869837413927,0.13328817189281156,0.0,0.7749999761581421
290,581630,1808.7795103097533,85,0.5788868817997279,0.12453795337942056,0.0,0.7749999761581421,13.091482649842272,3.8325959620156405,7.0,28.0,0.8215466551482677,0.518406867980957,-0.004274373444786761,0.006818761758040637,0.041713857872606806,0.5788868817997279,0.12453795337942056,0.0,0.7749999761581421
291,585726,1792.9415573830202,87,0.590633418387587,0.12091162776215611,0.10000000149011612,0.7749999761581421,12.735849056603774,3.7616951053037786,7.0,28.0,0.8217462785542011,0.5267042592167854,-0.018400025786831975,0.005610202060779557,0.032876183350780214,0.590633418387587,0.12091162776215611,0.10000000149011612,0.7749999761581421
292,589822,1782.793975314238,89,0.5833557911638944,0.11304805392609679,0.16428571939468384,0.7749999761581421,12.962264150943396,3.517050637691461,7.0,26.0,0.839498296380043,0.5235706940293312,-0.012235062080435455,0.0048854964843485504,0.03180841019649551,0.5833557911638944,0.11304805392609679,0.16428571939468384,0.7749999761581421
293,593918,1505.5438423313778,92,0.5859855299084624,0.1289207147895857,0.0,0.7749999761581421,12.860759493670885,3.928101216873721,7.0,28.0,0.8672859966754913,0.529435645788908,0.006106603817897849,0.006068700575269759,0.03736587068214213,0.5859855299084624,0.1289207147895857,0.0,0.7749999761581421
294,598014,1788.2417508914473,94,0.5852319654256968,0.11847448255300964,0.0,0.7749999761581421,12.893890675241158,3.64038547492632,7.0,28.0,0.9289120435714722,0.529502622783184,0.0031921059999149293,0.0054925822478253394,0.033689266610302394,0.5852319654256968,0.11847448255300964,0.0,0.7749999761581421
295,602110,1517.8174558817996,97,0.571600271603809,0.14375266866147396,0.0,0.7749999761581421,13.298076923076923,4.3623090091737815,7.0,28.0,0.9372912794351578,0.5168940462172031,0.019951529859099537,0.008090554969385266,0.05161771650647255,0.571600271603809,0.14375266866147396,0.0,0.7749999761581421
296,606206,2085.069946133665,99,0.5721451640129089,0.1221450172490854,0.0,0.7749999761581421,13.300970873786408,3.756767231048242,7.0,28.0,0.9509334079921246,0.517382699996233,0.00020397627667989582,0.0062755819526501,0.0370608354100235,0.5721451640129089,0.1221450172490854,0.0,0.7749999761581421
297,610302,2204.0248756506126,15,0.5671310485148233,0.13684405369562855,0.0,0.7749999761581421,15.739669421487603,5.313556330975835,7.0,40.0,0.9860797449946404,0.4956818427890539,-0.010341392073314637,0.007800031540682539,0.04728809925839072,0.5671310485148233,0.13684405369562855,0.0,0.7749999761581421
298,614398,2213.5575095768013,17,0.562652062275447,0.1426202970293806,0.0,0.7975000143051147,15.9921875,6.029868486529681,8.0,40.0,0.9732850603759289,0.4962457846850157,0.0016896350571187213,0.008488376653986052,0.05095661708091115,0.562652062275447,0.1426202970293806,0.0,0.7975000143051147
299,618494,2148.519771659883,19,0.5521570845429166,0.14660493647562764,0.0,0.7975000143051147,16.294820717131476,6.2689341141869575,8.0,40.0,1.0098964534699917,0.4806568119674921,-0.006695909585687332,0.008481156488414854,0.0503282128280549,0.5521570845429166,0.14660493647562764,0.0,0.7975000143051147
300,622590,2192.2292389971713,21,0.5602058798659082,0.15386802816069886,0.0,0.8424999713897705,16.058823529411764,6.700926961647077,7.0,40.0,0.9928828552365303,0.48658062145113945,-0.0017259711494261865,0.00918267693486996,0.04900271450267634,0.5602058798659082,0.15386802816069886,0.0,0.8424999713897705
301,626686,2207.589125214946,22,0.5560448170292611,0.15345973658881604,0.0,0.7975000143051147,16.2078431372549,5.793161727323301,8.0,40.0,0.9739243872463703,0.48394241742789745,-0.004571920195303392,0.008719838981050998,0.04551337505278054,0.5560448170292611,0.15345973658881604,0.0,0.7975000143051147
302,630782,2199.2920970179393,24,0.5504855983577698,0.15828164144392654,0.0,0.7975000143051147,16.40316205533597,6.850428413467757,7.0,40.0,1.021629761904478,0.4814811032265425,0.0021561902030953206,0.0092713717604056,0.057997422759590994,0.5504855983577698,0.15828164144392654,0.0,0.7975000143051147
303,634878,2186.3740497059,26,0.5628132061471068,0.15049315955551548,0.0,0.7749999761581421,15.841269841269842,6.309369070679161,7.0,40.0,1.0030352212488651,0.4804786555469036,-0.008380032719287556,0.009422226517926902,0.049280508558527863,0.5628132061471068,0.15049315955551548,0.0,0.7749999761581421
304,638974,2223.170084029481,28,0.5692560639583839,0.15272696770080227,0.0,0.7975000143051147,15.758490566037736,6.484391534343505,7.0,40.0,0.9615402147173882,0.4932576920837164,-0.009042880104971118,0.008495627553202212,0.04775943517923446,0.5692560639583839,0.15272696770080227,0.0,0.7975000143051147
305,643070,2180.5530985857395,30,0.5725068403729077,0.13962141346678708,0.0,0.8199999928474426,15.555555555555555,5.966202526237132,7.0,40.0,0.9843660518527031,0.5028230231255293,-0.010409076552605256,0.008212838205508888,0.04956563232522715,0.5725068403729077,0.13962141346678708,0.0,0.8199999928474426
306,647166,2100.0413513270028,32,0.5796630705864925,0.14263077640556363,0.0,0.7975000143051147,15.339622641509434,5.724964846975919,7.0,40.0,0.9785692133009434,0.5066360998898745,-0.007165382514358498,0.007845090382033959,0.04351185724724722,0.5796630705864925,0.14263077640556363,0.0,0.7975000143051147
307,651262,2202.8399136090384,34,0.557543246075511,0.14282042832506123,0.0,0.8199999928474426,16.1796875,6.362037794790577,7.0,40.0,1.0049452595412731,0.4969319272786379,0.005162883899174631,0.008377455756999552,0.04427953039993446,0.557543246075511,0.14282042832506123,0.0,0.8199999928474426
308,655358,2212.360568583571,36,0.5678390056127682,0.13377531081643226,0.0,0.7975000143051147,15.8125,5.97815032012411,8.0,40.0,1.0019391924142838,0.4948471188545227,-0.0042774641115101986,0.007540746155427769,0.03901399519354896,0.5678390056127682,0.13377531081643226,0.0,0.7975000143051147
309,659454,2195.752603002734,37,0.5612759075912774,0.14243466948190855,0.0,0.8199999928474426,16.00392156862745,5.86214043704622,7.0,40.0,0.9850039258599281,0.4938156697899103,-0.002162298231269233,0.008261831826530397,0.04575376293749693,0.5612759075912774,0.14243466948190855,0.0,0.8199999928474426
310,663550,2224.3770251954697,39,0.5674497529354385,0.13716720136130633,0.0,0.7975000143051147,15.806083650190114,6.002885955545384,7.0,40.0,0.9601094909012318,0.500892324373126,-0.0077753545410814695,0.007489910232834518,0.039936056588025695,0.5674497529354385,0.13716720136130633,0.0,0.7975000143051147
311,667646,2221.963589784115,41,0.5722655365599021,0.11916064102628726,0.0,0.7749999761581421,15.65648854961832,5.5199443967307005,7.0,40.0,0.9618788547813892,0.5028298180550337,-0.008318350824993104,0.005548570421524346,0.041153096437501424,0.5722655365599021,0.11916064102628726,0.0,0.7749999761581421
312,671742,2189.882231621707,43,0.5801127099718885,0.12205877479986209,0.0,0.7975000143051147,15.281368821292777,5.219580970035251,7.0,40.0,0.9756228588521481,0.5124473497271538,-0.00982755194127094,0.005735578975873068,0.03904631968500491,0.5801127099718885,0.12205877479986209,0.0,0.7975000143051147
313,675838,2185.206596321473,45,0.5790971074434702,0.12965742154233587,0.12250000238418579,0.7975000143051147,15.486891385767791,5.848494194577626,7.0,39.0,0.9825619794428349,0.5135050937533379,0.00391130629577674,0.0066481936373747885,0.04189750964672612,0.5790971074434702,0.12965742154233587,0.12250000238418579,0.7975000143051147
314,679934,2162.133181370375,47,0.5650769197596953,0.14687151125255862,0.0,0.7975000143051147,15.846153846153847,6.309286852863481,7.0,40.0,1.0490262806415558,0.5034807845950127,0.00952403932751622,0.007784016459481791,0.047978514944355,0.5650769197596953,0.14687151125255862,0.0,0.7975000143051147
315,684030,2235.3045734966063,49,0.53477827263996,0.17461414514918666,0.0,0.8199999928474426,16.9625,6.86435918956266,7.0,40.0,1.1351098492741585,0.469345111399889,0.030185579555109143,0.010364218440372497,0.06052526853796804,0.53477827263996,0.17461414514918666,0.0,0.8199999928474426
316,688126,2155.305791543961,51,0.4937992872021317,0.1822679209754853,0.0,0.7749999761581421,18.334841628959275,7.338370526792258,7.0,40.0,1.1748558282852173,0.42839616164565086,0.025089884526096284,0.010735096933785826,0.067773619756554,0.4937992872021317,0.1822679209754853,0.0,0.7749999761581421
317,692222,2213.554942707402,52,0.5133400592790998,0.18087077398217838,0.0,0.8199999928474426,17.53913043478261,7.095971859806145,7.0,40.0,1.1314656138420105,0.4328440800309181,-0.003845142160571413,0.011543004191480577,0.05870590563847573,0.5133400592790998,0.18087077398217838,0.0,0.8199999928474426
318,696318,2194.5770775062056,54,0.5275984687324414,0.19036028600223084,0.0,0.7749999761581421,17.127572016460906,7.878460835321993,7.0,40.0,1.0709512531757355,0.440898897126317,-0.011276585952145979,0.011727867356967181,0.06671169174961955,0.5275984687324414,0.19036028600223084,0.0,0.7749999761581421
319,700414,2206.4000452071436,56,0.5568011172261893,0.1555323053426203,0.0,0.8199999928474426,16.184313725490195,6.782427483448901,7.0,40.0,1.0057481192052364,0.4737418182194233,-0.02984022395685315,0.008895412931451574,0.052499675603098664,0.5568011172261893,0.1555323053426203,0.0,0.8199999928474426
320,704510,2218.353669989359,58,0.5704883646897294,0.13076328711629082,0.0,0.7975000143051147,15.719696969696969,6.029365505011379,7.0,40.0,0.9932749718427658,0.4930676333606243,-0.024178360938094556,0.0071463110216427594,0.04096053421487031,0.5704883646897294,0.13076328711629082,0.0,0.7975000143051147
321,708606,2205.2111132190707,60,0.5793609004607774,0.1429151935871565,0.0,0.7975000143051147,15.3796992481203,6.300927958851063,7.0,40.0,0.9977999217808247,0.5069440379738808,-0.009971025836421177,0.008279844070784748,0.045685999394232915,0.5793609004607774,0.1429151935871565,0.0,0.7975000143051147
322,712702,2207.5896925593124,62,0.5456095014906619,0.16179877295760056,0.0,0.7975000143051147,16.55785123966942,6.8639945971067045,7.0,40.0,1.1000402569770813,0.4773436654359102,0.01953716779826209,0.008661180472699925,0.05746336173234035,0.5456095014906619,0.16179877295760056,0.0,0.7975000143051147
323,716798,2173.6082455026967,64,0.5240400829332791,0.18738948681104542,0.0,0.7975000143051147,17.244725738396625,7.323105422294998,7.0,40.0,1.1627137884497643,0.4605776406824589,0.02108982764184475,0.011112961918115616,0.06182198265830553,0.5240400829332791,0.18738948681104542,0.0,0.7975000143051147
324,720894,2243.880765694224,65,0.5240261083578363,0.19301340650378457,0.0,0.7975000143051147,17.214285714285715,7.911822721441009,7.0,40.0,1.127107284963131,0.4472389239817858,0.019313269498525187,0.010274768341332674,0.06975127961452095,0.5240261083578363,0.19301340650378457,0.0,0.7975000143051147
325,724990,2064.05133880219,67,0.50669108525428,0.17582536765315485,0.0,0.8199999928474426,17.974358974358974,7.084908166969088,7.0,40.0,1.087133340537548,0.42974869534373283,-0.0035662168957060203,0.010579951398540288,0.06282568432682456,0.50669108525428,0.17582536765315485,0.0,0.8199999928474426
326,729086,2238.972544096887,69,0.5385310795766041,0.1693723079928267,0.0,0.8199999928474426,16.769874476987447,6.873130965793311,7.0,40.0,1.0195428878068924,0.44978921487927437,-0.01811832295061322,0.009958234324585646,0.054999492685045455,0.5385310795766041,0.1693723079928267,0.0,0.8199999928474426
327,733182,2154.1701922768275,71,0.5825912667921296,0.14152316156485123,0.0,0.7975000143051147,15.248148148148148,6.015527461887178,7.0,40.0,0.9027301371097565,0.49945761077106,-0.037594622815959156,0.007554513227660209,0.047380736518871994,0.5825912667921296,0.14152316156485123,0.0,0.7975000143051147
328,737278,2263.726573479833,73,0.5778013785200048,0.1476763617396942,0.0,0.7975000143051147,15.37546468401487,5.979854055396813,7.0,40.0,0.9238592386245728,0.5018023550510406,-0.015680611017160118,0.007700167450821027,0.05235160083239865,0.5778013785200048,0.1476763617396942,0.0,0.7975000143051147
329,741374,2150.776486801293,75,0.5750858762393926,0.1413463727605679,0.0,0.7975000143051147,15.587786259541986,6.352700007825768,7.0,40.0,0.9150729477405548,0.5030621010810137,-0.004644150933017954,0.0075108631572220474,0.04767292210008407,0.5750858762393926,0.1413463727605679,0.0,0.7975000143051147
330,745470,2243.879300317058,77,0.5611830308916979,0.14044526429682402,0.0,0.8199999928474426,15.98046875,5.98464909416362,7.0,40.0,0.9698847718536854,0.49679185450077057,0.004879136351519264,0.007879695651354268,0.049656047016736475,0.5611830308916979,0.14044526429682402,0.0,0.8199999928474426
331,749566,2205.2122454648397,79,0.5824240382149148,0.14329558054868868,0.0,0.8199999928474426,15.208955223880597,6.1898745277781595,7.0,40.0,0.9725850746035576,0.5096549764275551,0.003601146599976346,0.007738145854091272,0.04963749031393026,0.5824240382149148,0.14329558054868868,0.0,0.8199999928474426
332,753662,2215.9518513077246,81,0.5744002674548131,0.15159081922571258,0.0,0.7975000143051147,15.554716981132076,6.544321059319103,7.0,40.0,1.038198359310627,0.5037595238536596,0.004819813817448448,0.009430463251192123,0.04968669249911131,0.5744002674548131,0.15159081922571258,0.0,0.7975000143051147
333,757758,2214.753462286767,82,0.5776542194864966,0.1578406114132112,0.0,0.8199999928474426,15.371212121212121,6.570601770132722,7.0,40.0,1.006987325847149,0.5024850256741047,0.0047247692236851435,0.008905867085559294,0.045429621353698234,0.5776542194864966,0.1578406114132112,0.0,0.8199999928474426
334,458749,2141.7776845262115,16,0.5710769195969289,0.14582801426624048,0.0,0.8071428537368774,18.425641025641024,12.080854061095863,7.0,70.0,1.1771996840834618,0.47344913706183434,0.0002978976772283204,0.007610486587509513,0.05578725283860053,0.5710769195969289,0.14582801426624048,0.0,0.8071428537368774
335,462845,2144.0194485759635,18,0.5519140048802478,0.14986850036140995,0.0,0.8071428537368774,19.70873786407767,13.663878444101012,8.0,70.0,1.1917148977518082,0.46911315247416496,0.015805258241016418,0.008319260319694877,0.05659294081666688,0.5519140048802478,0.14986850036140995,0.0,0.8071428537368774
336,466941,2200.4726805009736,19,0.5070174752556263,0.17739349309933095,0.0,0.8199999928474426,21.94148936170213,16.30206167339206,7.0,70.0,1.27866081148386,0.4310846794396639,0.03383459185715765,0.00877541073714383,0.055640155563110284,0.5070174752556263,0.17739349309933095,0.0,0.8199999928474426
337,471037,2204.401572142927,21,0.49149067938813695,0.18627498520607585,0.0,0.7749999761581421,22.282608695652176,17.0139495753111,7.0,70.0,1.3430047258734703,0.404256846755743,0.028889683191664517,0.008507089631166309,0.06079029816102446,0.49149067938813695,0.18627498520607585,0.0,0.7749999761581421
338,475133,2191.546889765628,23,0.4651169579977181,0.2060158845719129,0.0,0.7942857146263123,23.28654970760234,16.27450182748797,7.0,70.0,1.350900337100029,0.37386980280280113,0.02455669525079429,0.01064262236468494,0.06629907162980735,0.4651169579977181,0.2060158845719129,0.0,0.7942857146263123
339,479229,2197.463583798763,25,0.4514536312100483,0.20987724628194696,0.0,0.8071428537368774,23.68421052631579,17.412596665125662,8.0,70.0,1.3552306219935417,0.35605163872241974,0.02508052042685449,0.009297029348090291,0.06688741591892253,0.4514536312100483,0.20987724628194696,0.0,0.8071428537368774
340,483325,2163.275287187055,27,0.45108979335853033,0.22259496200201903,0.0,0.7749999761581421,23.97714285714286,18.61580105661832,7.0,70.0,1.3423430994153023,0.33978321217000484,0.01722910115495324,0.010543257463723421,0.06232182388993922,0.45108979335853033,0.22259496200201903,0.0,0.7749999761581421
341,487421,2238.4500614014914,29,0.43758035404607654,0.21120665637633257,0.0,0.7749999761581421,24.41875,18.243996229924516,7.0,70.0,1.3601440414786339,0.3233541212975979,0.010366684102336876,0.00858575594611466,0.05908300842985859,0.43758035404607654,0.21120665637633257,0.0,0.7749999761581421
342,491517,2211.6400071473336,31,0.44845373242754827,0.22087715415642153,0.0,0.7814285755157471,24.022727272727273,19.283458097508007,7.0,70.0,1.3498875200748444,0.32907185703516006,0.006457531913838466,0.00952701800270006,0.07414039517230658,0.44845373242754827,0.22087715415642153,0.0,0.7814285755157471
343,495613,2202.039450644653,33,0.4850921614035483,0.20546129001997823,0.0,0.7749999761581421,22.4247311827957,18.333154383763862,7.0,70.0,1.272215597331524,0.34020330384373665,-0.002545601859310409,0.00874169377493672,0.06051710252711916,0.4850921614035483,0.20546129001997823,0.0,0.7749999761581421
344,499709,2167.3564098413867,34,0.5183407685253769,0.20839974004834064,0.0,0.7814285755157471,21.098958333333332,18.66858990162167,7.0,70.0,1.2554453611373901,0.35898664593696594,-0.008195983216864988,0.008844984258757904,0.0605654195214202,0.5183407685253769,0.20839974004834064,0.0,0.7814285755157471
345,503805,2216.3780989213974,36,0.5010789445748455,0.20464886507930483,0.0,0.7428571581840515,21.78421052631579,18.211932559029147,8.0,70.0,1.3244014978408813,0.3523126021027565,0.004206880796118639,0.00792547973105684,0.06098611376761757,0.5010789445748455,0.20464886507930483,0.0,0.7428571581840515
346,507901,2239.507823867495,38,0.4998477733200365,0.1945024392998936,0.0,0.7749999761581421,21.693989071038253,17.54539208854747,7.0,70.0,1.3081728592514992,0.3589009717106819,0.005161466571735218,0.010268963756971061,0.0766612251986978,0.4998477733200365,0.1945024392998936,0.0,0.7749999761581421
347,511997,2175.600565812418,40,0.49115354894476143,0.2041512181136128,0.0,0.7814285755157471,22.614973262032084,17.930686222834446,7.0,70.0,1.3045744597911835,0.36656390875577927,0.0032019993232097477,0.009249352966435254,0.06272369351740292,0.49115354894476143,0.2041512181136128,0.0,0.7814285755157471
348,516093,2149.6478059286187,42,0.4456551108928122,0.22118189362284035,0.0,0.7942857146263123,24.035502958579883,18.53284099001645,8.0,70.0,1.3204221725463867,0.33005073480308056,0.01723493670579046,0.010517527931369841,0.07306069415903846,0.4456551108928122,0.22118189362284035,0.0,0.7942857146263123
349,520189,2113.0436773635706,44,0.49098602026377036,0.19187013773854633,0.0,0.7749999761581421,22.51086956521739,16.860678828214603,7.0,70.0,1.258219338953495,0.3592265881597996,-0.01063852320658043,0.010504466656129807,0.06314523914944117,0.49098602026377036,0.19187013773854633,0.0,0.7749999761581421
350,524285,2131.7436522754674,46,0.4948416977315336,0.20501741257018416,0.0,0.8714285492897034,21.972972972972972,17.35867488790934,8.0,70.0,1.2502590790390968,0.35949530079960823,-0.002266505704028532,0.008830848877551034,0.059916850778207256,0.4948416977315336,0.20501741257018416,0.0,0.8714285492897034
351,528381,2139.539804149668,48,0.5211495517675454,0.186548033775493,0.0,0.7814285755157471,20.828125,16.725312672245472,7.0,70.0,1.2309769913554192,0.37404900416731834,-0.014675346115836874,0.008979100384749472,0.06008344423136319,0.5211495517675454,0.186548033775493,0.0,0.7814285755157471
352,532477,2103.2764575951505,50,0.5029667367932027,0.1939124990976126,0.0,0.7942857146263123,21.566137566137566,17.84626045046221,7.0,70.0,1.2434610649943352,0.3640988990664482,0.000729041246813722,0.008092431060504168,0.06232284067431927,0.5029667367932027,0.1939124990976126,0.0,0.7942857146263123
353,536573,2179.392681092039,52,0.5199564889754136,0.18223907953377044,0.0,0.8585714101791382,21.19289340101523,16.47065842916304,7.0,70.0,1.2156054005026817,0.3800042849034071,-0.018973922298755497,0.007391952240141109,0.057326588687300166,0.5199564889754136,0.18223907953377044,0.0,0.8585714101791382
354,540669,2208.7803394939233,53,0.5439972488496166,0.19248354729707634,0.0,0.8199999928474426,20.39903846153846,17.360138886321355,7.0,70.0,1.1695368140935898,0.39893109910190105,-0.016548857965972275,0.008157872245647013,0.06156053845274289,0.5439972488496166,0.19248354729707634,0.0,0.8199999928474426
355,544765,2199.290689299819,55,0.5466080191246981,0.1828606066302896,0.0,0.7749999761581421,19.738916256157637,15.950224694060473,7.0,70.0,1.1943516954779625,0.3961221966892481,-0.005486337962793186,0.008701208746060729,0.057483691072836435,0.5466080191246981,0.1828606066302896,0.0,0.7749999761581421
356,548861,2101.118271111385,57,0.5505170034865539,0.18223498899809124,0.0,0.8071428537368774,19.85238095238095,16.432027931759162,7.0,70.0,1.1575423553586006,0.41780686005949974,-0.015018833742942661,0.008542011230019853,0.06169411212976179,0.5505170034865539,0.18223498899809124,0.0,0.8071428537368774
357,552957,2113.3735349738304,59,0.5534161459924518,0.17491219111741085,0.0,0.7814285755157471,19.454106280193237,15.002304816431696,7.0,70.0,1.1843498796224594,0.41783921606838703,-0.009780609092558734,0.009334380214568228,0.07152432951787344,0.5534161459924518,0.17491219111741085,0.0,0.7814285755157471
358,557053,2143.3443142930214,61,0.5269035491619618,0.16471410214021548,0.0,0.8071428537368774,20.95939086294416,15.559232675693337,8.0,70.0,1.2093686386942863,0.4089893698692322,0.0018812297203112394,0.007817661040462554,0.06230409167578245,0.5269035491619618,0.16471410214021548,0.0,0.8071428537368774
359,561149,2161.2826270930036,63,0.5184629734664064,0.18197975666452718,0.0,0.8199999928474426,21.230366492146597,16.662945044679784,7.0,70.0,1.2448995634913445,0.4021178148686886,0.01973637501941994,0.008183883794117719,0.06479661475868179,0.5184629734664064,0.18197975666452718,0.0,0.8199999928474426
360,565245,2223.170084029481,65,0.5130384843893002,0.18872815050460148,0.0,0.7749999761581421,21.202072538860104,16.31254312062027,7.0,70.0,1.2318067774176598,0.4037353042513132,0.01278930707485415,0.009426158561836928,0.06513611386919056,0.5130384843893002,0.18872815050460148,0.0,0.7749999761581421
361,569341,2155.0527319578187,67,0.5248068495824629,0.19808978531172325,0.0,0.7749999761581421,20.857142857142858,16.693210155812526,7.0,70.0,1.2236610427498817,0.3922136500477791,-0.0028506663074949756,0.009805123147089034,0.05909828552470772,0.5248068495824629,0.19808978531172325,0.0,0.7749999761581421
362,573437,2138.9106268437818,69,0.52266666358098,0.18706353957978283,0.0,0.8199999928474426,21.056410256410256,15.938403788299164,7.0,70.0,1.18932044506073,0.3980939630419016,-0.00817613033723319,0.009967714082449675,0.06669924022589002,0.52266666358098,0.18706353957978283,0.0,0.8199999928474426
363,577533,2151.661636983613,71,0.5206308880357573,0.181828668277733,0.0,0.7749999761581421,21.076142131979694,16.134878490356854,7.0,70.0,1.1848163306713104,0.39256063662469387,-0.006308672018349171,0.009508681599982083,0.069307797478234,0.5206308880357573,0.181828668277733,0.0,0.7749999761581421
364,581629,2169.0039630705955,73,0.5437128667046528,0.17909202596615653,0.0,0.7749999761581421,20.282178217821784,15.721416911678563,7.0,70.0,1.1500072330236435,0.40593172796070576,-0.01631997973890975,0.008672369440319017,0.06042286698393058,0.5437128667046528,0.17909202596615653,0.0,0.7749999761581421
365,585725,2118.508541859421,75,0.5476421597730188,0.18939108809645228,0.0,0.8071428537368774,19.762135922330096,15.994741954627383,7.0,70.0,1.1603373065590858,0.41015403158962727,-0.010039582499302924,0.009460974775720388,0.06681915590446953,0.5476421597730188,0.18939108809645228,0.0,0.8071428537368774
366,589821,2118.5098480629667,76,0.5368543240457333,0.18827982607476565,0.0,0.845714271068573,20.61576354679803,16.405278130082728,7.0,70.0,1.1873910948634148,0.4176214635372162,-0.004228309866448399,0.009693586966022849,0.06714925290972217,0.5368543240457333,0.18827982607476565,0.0,0.845714271068573
367,593917,2149.647267975217,78,0.546595816132499,0.17200691191603548,0.0,0.7814285755157471,19.98048780487805,15.039123279976765,7.0,70.0,1.1717524081468582,0.42277531139552593,0.0005362533302104566,0.0077449305390473455,0.058784817904023845,0.546595816132499,0.17200691191603548,0.0,0.7814285755157471
368,598013,2156.4396112605164,80,0.5322871542338169,0.1889807056296532,0.0,0.8585714101791382,20.348484848484848,15.842175289597579,7.0,70.0,1.1605991125106812,0.4078894108533859,0.010746327301603742,0.00944714481011033,0.06492035266719687,0.5322871542338169,0.1889807056296532,0.0,0.8585714101791382
369,602109,2135.0759211686186,82,0.5553401351329826,0.1770660790301775,0.0,0.845714271068573,19.6,14.514426321028724,7.0,70.0,1.1346263885498047,0.4301904868334532,-0.014119773142738268,0.008503630582708865,0.05930236358449577,0.5553401351329826,0.1770660790301775,0.0,0.845714271068573
370,606205,2079.775767958208,84,0.5574494588346977,0.18994873077357366,0.0,0.8071428537368774,19.330188679245282,16.65902310784748,7.0,70.0,1.1606290340423584,0.4146288763731718,-0.0059644579341693316,0.008156496216543019,0.06489890917249241,0.5574494588346977,0.18994873077357366,0.0,0.8071428537368774
371,610301,1858.0225475673076,18,0.5749914271831512,0.1398805950797768,0.0,0.7975000143051147,15.504,6.606813452792503,7.0,40.0,0.9659877046942711,0.48823466897010803,-0.023503718781284988,0.008034113619942218,0.061840894611005344,0.5749914271831512,0.1398805950797768,0.0,0.7975000143051147
372,614397,2006.4073769083643,20,0.5816030811349099,0.14893092587668455,0.0,0.8199999928474426,15.223484848484848,6.664530262021983,7.0,40.0,0.9480417035520077,0.49995269998908043,-0.004274992283171741,0.008549078309442848,0.057332051405959476,0.5816030811349099,0.14893092587668455,0.0,0.8199999928474426
373,618493,2058.8629793484165,22,0.5826014737801358,0.1435683838013187,0.0,0.8199999928474426,15.269372693726938,6.521419658834604,7.0,40.0,1.0073708221316338,0.5019166544079781,-0.005765132507804083,0.007166700583184138,0.05440872583527237,0.5826014737801358,0.1435683838013187,0.0,0.8199999928474426
374,622589,2036.6974881330052,24,0.5728851518210243,0.14992438771238714,0.0,0.7524999976158142,15.545098039215686,6.650145619089419,8.0,40.0,1.0333411507308483,0.4960215147584677,0.005640157520247158,0.007220568222692236,0.05743353287101438,0.5728851518210243,0.14992438771238714,0.0,0.7524999976158142
375,626685,2035.955289702171,26,0.5491259010501409,0.16747373298390336,0.0,0.7975000143051147,16.490272373540854,7.088167836057226,8.0,40.0,1.0725818127393723,0.4855327848345041,0.014350756420753896,0.009598830540198833,0.05848711641066778,0.5491259010501409,0.16747373298390336,0.0,0.7975000143051147
376,630781,2017.2803078125469,28,0.5289498462004865,0.1752353489690705,0.0,0.7749999761581421,16.919148936170213,7.02017270496996,8.0,40.0,1.1355703622102737,0.4508500397205353,0.01473285024985671,0.010413546697236598,0.06182627345249993,0.5289498462004865,0.1752353489690705,0.0,0.7749999761581421
377,634877,2037.2409030809056,30,0.5004347121823427,0.1734693707972273,0.0,0.7428571581840515,18.20814479638009,7.561639716407644,8.0,40.0,1.1608104407787323,0.433744203299284,0.007960998111229856,0.010119216050952673,0.06800505751765273,0.5004347121823427,0.1734693707972273,0.0,0.7428571581840515
378,638973,1971.6024181807456,32,0.5066858332099046,0.1837320630276389,0.0,0.7975000143051147,17.902542372881356,8.09340557956434,7.0,40.0,1.1570902466773987,0.42577239871025085,-0.003057957088458352,0.010124249034561217,0.057898888735679145,0.5066858332099046,0.1837320630276389,0.0,0.7975000143051147
379,643069,1849.6302847289571,34,0.5325297603073219,0.1571292298092648,0.0,0.7749999761581421,17.054166666666667,6.940309741326792,7.0,40.0,1.1258820965886116,0.45105046406388283,-0.010579156165476888,0.008450267021544278,0.0695068935063742,0.5325297603073219,0.1571292298092648,0.0,0.7749999761581421
380,647165,1777.3781882998585,37,0.5321707788686203,0.17438089270504048,0.0,0.7749999761581421,17.041152263374485,7.663066378846662,7.0,40.0,1.1027425453066826,0.4540348295122385,0.007839760626666248,0.010229870211333036,0.06131676206124664,0.5321707788686203,0.17438089270504048,0.0,0.7749999761581421
381,651261,1769.6976610249142,39,0.5176641317124062,0.1788726968965221,0.0,0.7749999761581421,17.47659574468085,7.575610719456739,8.0,40.0,1.1295925080776215,0.4308405164629221,0.00031061284244060516,0.01075215998571366,0.05699446662321277,0.5176641317124062,0.1788726968965221,0.0,0.7749999761581421
382,655357,1842.9679759884546,41,0.5324924646990712,0.16140298674779124,0.0,0.7524999976158142,16.9789029535865,6.694318554281219,8.0,40.0,1.0783179327845573,0.4567368049174547,-0.007334647954849061,0.00924944767029956,0.06449461396503448,0.5324924646990712,0.16140298674779124,0.0,0.7524999976158142
383,659453,1897.625650615518,44,0.5308273787920673,0.16645196593091038,0.0,0.7749999761581421,17.166666666666668,7.24031920720504,7.0,40.0,1.0787179246544838,0.4461322631686926,-0.009581101840012707,0.009219053841661662,0.05655489645897608,0.5308273787920673,0.16645196593091038,0.0,0.7749999761581421
384,663549,1751.531192887465,46,0.5286203295116108,0.172499881170772,0.0,0.7749999761581421,17.062240663900415,7.342839227811227,7.0,40.0,1.0780644938349724,0.4475161712616682,-0.003220946280634962,0.010040443361504003,0.06152186924716711,0.5286203295116108,0.172499881170772,0.0,0.7749999761581421
385,667645,2017.2791234561914,48,0.5499715384437268,0.14159959867675026,0.0,0.7975000143051147,16.46215139442231,6.290570454768187,7.0,40.0,1.0208561681210995,0.4751024954020977,-0.012043024704325944,0.0067707792622968554,0.049661024210946175,0.5499715384437268,0.14159959867675026,0.0,0.7975000143051147
386,671741,2114.1071808818283,50,0.5725122670579048,0.1332872052161417,0.10000000149011612,0.8199999928474426,15.641221374045802,6.1297282137052616,7.0,40.0,0.9711783081293106,0.49279710091650486,-0.01742493739584461,0.007354844448855147,0.046256993254686456,0.5725122670579048,0.1332872052161417,0.10000000149011612,0.8199999928474426
387,675837,1880.0584884302202,52,0.554506798289598,0.1518167999015762,0.0,0.7975000143051147,16.214285714285715,6.863299154448006,7.0,40.0,0.957672718912363,0.4851095248013735,0.006335161320748739,0.008039645239477977,0.05545666074338707,0.554506798289598,0.1518167999015762,0.0,0.7975000143051147
388,679933,1950.966011937323,54,0.5768804082251859,0.12940257406835481,0.0,0.7975000143051147,15.43560606060606,5.688540215574264,7.0,40.0,0.8815806210041046,0.5019727293401957,-0.015153426444157958,0.007515914330724627,0.04834884381857012,0.5768804082251859,0.12940257406835481,0.0,0.7975000143051147
389,684029,2158.2134760729814,56,0.5962354854117855,0.12123284359224273,0.0,0.8199999928474426,14.809187279151944,5.574327864559544,7.0,40.0,0.8718242160975933,0.5243961066007614,-0.02237117412732914,0.006112770788604394,0.04076357625145302,0.5962354854117855,0.12123284359224273,0.0,0.8199999928474426
390,688125,2202.0671112620184,58,0.6042022074190833,0.10898784822103472,0.0,0.7975000143051147,14.388489208633093,5.010795240331721,7.0,40.0,0.8642602749168873,0.5363304875791073,-0.010721490427386016,0.0052890054357703775,0.03766167884985669,0.6042022074190833,0.10898784822103472,0.0,0.7975000143051147
391,692221,2072.137616073156,60,0.5888142826882276,0.12755060771781143,0.0,0.7975000143051147,15.072727272727272,5.891301894872553,7.0,40.0,0.9108716808259487,0.5300068072974682,0.005376894070650451,0.0063752985442988575,0.04829788302060013,0.5888142826882276,0.12755060771781143,0.0,0.7975000143051147
392,696317,1938.0401351088233,62,0.5886767026203782,0.1381852840388826,0.0,0.8424999713897705,15.0,6.0993026271298785,7.0,40.0,0.9823330081999302,0.520757582038641,0.01289488302427344,0.007254979282151908,0.04300252678062856,0.5886767026203782,0.1381852840388826,0.0,0.8424999713897705
393,700413,2073.457833958694,64,0.5501622070532396,0.15883133618553297,0.0,0.7975000143051147,16.470119521912352,7.092593605265956,7.0,40.0,1.1041370183229446,0.4918684922158718,0.03497316187713295,0.00842617719899863,0.058728402756494824,0.5501622070532396,0.15883133618553297,0.0,0.7975000143051147
394,704509,2139.539804149668,66,0.5277099913154037,0.17222760387484015,0.0,0.7975000143051147,17.103004291845494,7.255463502139809,8.0,40.0,1.1627865210175514,0.4626434836536646,0.028732822625897825,0.00912216937285848,0.054569140712977054,0.5277099913154037,0.17222760387484015,0.0,0.7975000143051147
395,708605,1896.747184528961,68,0.47995555970800635,0.1818851108889995,0.0,0.7975000143051147,18.95852534562212,7.381202532161421,8.0,40.0,1.2468757703900337,0.4218665435910225,0.044259347254410386,0.009828886773902923,0.07889767196685842,0.47995555970800635,0.1818851108889995,0.0,0.7975000143051147
396,712701,2147.3926522363613,70,0.4580210463868247,0.19229509201403627,0.0,0.7749999761581421,19.58937198067633,7.780843756128416,7.0,40.0,1.2671665102243423,0.39118519611656666,0.02746870822738856,0.011026859225239605,0.06671562236602321,0.4580210463868247,0.19229509201403627,0.0,0.7749999761581421
397,716797,2163.274197596078,72,0.46416831930616387,0.2107456667076867,0.0,0.8199999928474426,19.324074074074073,8.448458881712956,7.0,40.0,1.2054768353700638,0.38910749182105064,0.007126574331778102,0.013009115296881646,0.06343481227727918,0.46416831930616387,0.2107456667076867,0.0,0.8199999928474426
398,720893,2015.2956218366332,74,0.4673255400792245,0.20562008273723964,0.0,0.7975000143051147,19.34562211981567,8.628288684715633,7.0,40.0,1.150349386036396,0.3710233960300684,-0.02015103620942682,0.01199840329354629,0.06635203036151613,0.4673255400792245,0.20562008273723964,0.0,0.7975000143051147
399,724989,2012.323429456282,76,0.5233312787745019,0.1739701151340997,0.0,0.7749999761581421,17.280172413793103,6.986683390412056,7.0,40.0,1.059169590473175,0.42088497430086136,-0.04423501039855182,0.01096114469692111,0.07389711298807464,0.5233312787745019,0.1739701151340997,0.0,0.7749999761581421
400,729085,2098.948866259653,78,0.5495578204946858,0.16585889494034672,0.0,0.8199999928474426,16.384920634920636,7.173491406696961,7.0,40.0,0.9860498607158661,0.46166424825787544,-0.029597681132145226,0.009984494477976114,0.06461061020043342,0.5495578204946858,0.16585889494034672,0.0,0.8199999928474426
401,733181,2105.052112566987,80,0.5760528376000521,0.15545684626332867,0.0,0.8199999928474426,15.427509293680297,6.337425400813818,7.0,40.0,0.8985640369355679,0.48692257702350616,-0.031477946788072586,0.009974234853871167,0.04987341560674406,0.5760528376000521,0.15545684626332867,0.0,0.8199999928474426
402,737277,2065.5981724487024,82,0.5881670148604933,0.1344661919770677,0.0,0.7975000143051147,15.077205882352942,5.624715246541044,8.0,40.0,0.8465951383113861,0.5156709812581539,-0.02009486366296187,0.007300445169676095,0.05292674517835451,0.5881670148604933,0.1344661919770677,0.0,0.7975000143051147
403,741373,1962.184284543101,84,0.6036235366639717,0.11234228597059295,0.0,0.7975000143051147,14.469750889679716,4.8346292672207225,7.0,35.0,0.8327228538691998,0.5364516638219357,-0.01578678609803319,0.005751529126428068,0.04121087340908755,0.6036235366639717,0.11234228597059295,0.0,0.7975000143051147
404,745469,1993.2168832556556,86,0.6012130300203959,0.12693002222454156,0.0,0.8199999928474426,14.6,5.53343901822556,7.0,38.0,0.8156610690057278,0.5356939882040024,-0.00036817002546740696,0.0069543864810839295,0.03983255879182215,0.6012130300203959,0.12693002222454156,0.0,0.8199999928474426
405,749565,2054.1959344785423,88,0.6077763734141846,0.11393521890025421,0.0,0.7975000143051147,14.33922261484099,4.793043630115971,7.0,40.0,0.8347514905035496,0.5458364002406597,-0.007853888637328055,0.005667386431014165,0.038105349420296364,0.6077763734141846,0.11393521890025421,0.0,0.7975000143051147
406,753661,1997.7314509861926,90,0.607469603102258,0.10310082941015761,0.1899999976158142,0.7749999761581421,14.397163120567376,4.794913724549582,7.0,36.0,0.8630571737885475,0.5461951903998852,-0.003474531367828604,0.004873139288974926,0.034830274425123764,0.607469603102258,0.10310082941015761,0.1899999976158142,0.7749999761581421
407,757757,1999.55064284646,92,0.5996314159915965,0.12553413055579526,0.0,0.7749999761581421,14.601423487544483,5.672986318897213,7.0,40.0,0.9170134849846363,0.5332991927862167,0.005713961472793017,0.006238313770154491,0.03905466245969205,0.5996314159915965,0.12553413055579526,0.0,0.7749999761581421
408,761853,1938.2130852491948,18,0.5919730051235578,0.11355029857399604,0.0,0.7749999761581421,12.684039087947882,3.4839566183208768,7.0,28.0,0.861295972019434,0.5391190052032471,0.006924688175786287,0.005401928210631013,0.03731789476357541,0.5919730051235578,0.11355029857399604,0.0,0.7749999761581421
409,765949,2145.8560162117033,20,0.5890161679507052,0.11988143126620189,0.1964285671710968,0.7749999761581421,12.786163522012579,3.729644594790398,7.0,25.0,0.8768967464566231,0.5359571278095245,0.014358565444126725,0.005548416200326756,0.03710507989458438,0.5890161679507052,0.11988143126620189,0.1964285671710968,0.7749999761581421
410,770045,2146.124882683651,22,0.5831536343731221,0.11504418179425693,0.16428571939468384,0.7749999761581421,12.968553459119496,3.579152395439964,7.0,26.0,0.9065456055104733,0.5299163088202477,0.008000741800060496,0.00517747487174347,0.036314950121972424,0.5831536343731221,0.11504418179425693,0.16428571939468384,0.7749999761581421
411,774141,2132.8533405107664,24,0.5670674154565672,0.12364170236694993,0.0,0.7749999761581421,13.458745874587459,3.8034352734488155,7.0,28.0,0.945688720792532,0.515499122440815,0.0164769867551513,0.0057598787243478,0.04444852417046789,0.5670674154565672,0.12364170236694993,0.0,0.7749999761581421
412,778237,2156.439340581435,25,0.546108370222922,0.14120342886582957,0.0,0.7749999761581421,14.110344827586207,4.355127364825575,7.0,28.0,1.027279295027256,0.4893932621926069,0.020547800872009248,0.007300925673916936,0.050164645232059546,0.546108370222922,0.14120342886582957,0.0,0.7749999761581421
413,782333,2188.724971873141,27,0.5395864625510417,0.14974347963122672,0.0,0.7749999761581421,14.291228070175439,4.55023734494723,7.0,28.0,1.0073782838881016,0.4800580386072397,0.014629303565016016,0.007957227469887584,0.046450792822714165,0.5395864625510417,0.14974347963122672,0.0,0.7749999761581421
414,786429,2139.540070602869,29,0.5317708296287391,0.1603090760575549,0.0,0.7749999761581421,14.534722222222221,4.888923413703853,7.0,28.0,0.9955214932560921,0.46354103088378906,0.00011495583748910576,0.008064197958447039,0.04988437891021684,0.5317708296287391,0.1603090760575549,0.0,0.7749999761581421
415,790525,2162.1342698122476,31,0.5574394428915631,0.13392787038580833,0.0,0.7749999761581421,13.757785467128027,4.125641391971934,7.0,28.0,0.9446653574705124,0.4824609514325857,-0.01646003857604228,0.006936074030818418,0.03589377311383005,0.5574394428915631,0.13392787038580833,0.0,0.7749999761581421
416,794621,2158.6999832756023,33,0.5631423823461674,0.13730670997534616,0.0,0.7749999761581421,13.58085808580858,4.233205597029873,7.0,28.0,0.8649050481617451,0.5005375780165195,-0.007512027754273731,0.006860194494947791,0.039658983344566,0.5631423823461674,0.13730670997534616,0.0,0.7749999761581421
417,798717,1946.3409852231036,35,0.584129459504038,0.12619912302129235,0.0,0.7749999761581421,12.91875,3.842967400004845,7.0,28.0,0.8238006047904491,0.5156648866832256,-0.029715198674239218,0.006171694927616045,0.04028476689477993,0.584129459504038,0.12619912302129235,0.0,0.7749999761581421
418,802813,2154.1701922768275,37,0.5819055101350893,0.13031449658007502,0.0,0.7749999761581421,12.977848101265822,3.9317133736929684,7.0,28.0,0.7808375395834446,0.5202159471809864,-0.013467737466271501,0.006656169920461252,0.035983204036088866,0.5819055101350893,0.13031449658007502,0.0,0.7749999761581421
419,806909,2148.518696882223,39,0.6057269618179671,0.0998245342118399,0.22857142984867096,0.7749999761581421,12.266272189349113,3.1056521782936635,7.0,24.0,0.7387031279504299,0.5471272319555283,-0.02548768394626677,0.004183748897048645,0.023816337004142114,0.6057269618179671,0.0998245342118399,0.22857142984867096,0.7749999761581421
420,811005,2197.454589408623,41,0.6118204747944807,0.1002559918924816,0.22857142984867096,0.7749999761581421,12.076696165191741,3.119075339356388,7.0,24.0,0.7257140651345253,0.5567660592496395,-0.013190014084102586,0.004165402468061075,0.028683502390218933,0.6118204747944807,0.1002559918924816,0.22857142984867096,0.7749999761581421
421,815101,2154.849732454178,43,0.6108520513383854,0.10224840410948943,0.13214285671710968,0.7749999761581421,12.106824925816024,3.181061494759884,7.0,27.0,0.7614710442721844,0.5581823252141476,-0.0035950203528045677,0.004091884300578386,0.026671602571900724,0.6108520513383854,0.10224840410948943,0.13214285671710968,0.7749999761581421
422,819197,2114.795257701705,45,0.6011363596175656,0.10958571344623318,0.22857142984867096,0.7749999761581421,12.409090909090908,3.4093333247144177,7.0,24.0,0.798919141292572,0.5496662519872189,0.008668366175697884,0.004651898096199147,0.030486847613050157,0.6011363596175656,0.10958571344623318,0.22857142984867096,0.7749999761581421
423,823293,2180.5254222896324,47,0.5848805720591771,0.11249203571685985,0.1964285671710968,0.7749999761581421,12.914826498422713,3.499752273998965,7.0,25.0,0.8626218624413013,0.5333851166069508,0.010258632406475954,0.004598102386808023,0.03368788259619764,0.5848805720591771,0.11249203571685985,0.1964285671710968,0.7749999761581421
424,827389,2184.0431655645725,49,0.58335961749313,0.110487308235242,0.13214285671710968,0.7749999761581421,12.962145110410095,3.4373829736660992,7.0,27.0,0.8705713339149952,0.5304695628583431,0.008612151053966954,0.004788141406606883,0.030042103047044248,0.58335961749313,0.110487308235242,0.13214285671710968,0.7749999761581421
425,831485,2135.091311143708,50,0.5825549406118882,0.11506037397433078,0.13214285671710968,0.7749999761581421,12.987179487179487,3.5796561564700013,7.0,27.0,0.91756496950984,0.5266340412199497,0.0029837790643796325,0.005523050989722833,0.029555116320128333,0.5825549406118882,0.11506037397433078,0.13214285671710968,0.7749999761581421
426,835581,2201.655378590212,52,0.5531678047694571,0.14369483820488888,0.0,0.7749999761581421,13.88013698630137,4.395204732292798,7.0,28.0,1.0099771991372108,0.49785899743437767,0.022520946338772774,0.006722193007590249,0.04731311853369355,0.5531678047694571,0.14369483820488888,0.0,0.7749999761581421
427,839677,2164.4183275470186,54,0.5502058078171843,0.1412622852155779,0.0,0.7749999761581421,13.983050847457626,4.357310340587895,7.0,28.0,1.0306008234620094,0.49903139658272266,0.020558265154249966,0.0067396182275842875,0.0423308288048662,0.5502058078171843,0.1412622852155779,0.0,0.7749999761581421
428,843773,2186.359024520114,56,0.5108068747652902,0.15241858453786347,0.0,0.7749999761581421,15.196296296296296,4.671662522809553,7.0,28.0,1.103519394993782,0.4537794217467308,0.026415903819724917,0.008325404865900055,0.05220798488677241,0.5108068747652902,0.15241858453786347,0.0,0.7749999761581421
429,847869,2208.795106465892,58,0.508685061905646,0.1598133047188951,0.0,0.7749999761581421,15.25,4.869314866870623,7.0,28.0,1.0738420486450195,0.44208986312150955,0.009325858467491344,0.008675518969539553,0.04608429507007177,0.508685061905646,0.1598133047188951,0.0,0.7749999761581421
430,851965,2178.233498012252,60,0.5203494313809511,0.16374506156903354,0.0,0.7749999761581421,14.877697841726619,4.963841097484334,7.0,28.0,0.9877784475684166,0.447421170771122,-0.010325283525162376,0.009672242042142898,0.04023261603064009,0.5203494313809511,0.16374506156903354,0.0,0.7749999761581421
431,856061,2129.5264164929235,62,0.5511699465842083,0.14590918720231777,0.0,0.7749999761581421,13.920689655172414,4.389319270947008,7.0,28.0,0.9004600383341312,0.47209837660193443,-0.03468457458075136,0.008457716525299475,0.03786969361908285,0.5511699465842083,0.14590918720231777,0.0,0.7749999761581421
432,860157,1979.253986533597,64,0.5691423973033003,0.13852072861931325,0.10000000149011612,0.7749999761581421,13.404458598726114,4.309533853182432,7.0,28.0,0.8316328637301922,0.504598205909133,-0.024544574320316315,0.006918200757354498,0.03524492567232061,0.5691423973033003,0.13852072861931325,0.10000000149011612,0.7749999761581421
433,864253,2153.5685559548506,66,0.5824499495659664,0.11661403997626914,0.16428571939468384,0.7749999761581421,12.990445859872612,3.6279924339187963,7.0,26.0,0.8081178218126297,0.5190344452857971,-0.017432131920941174,0.00565317869768478,0.032808409619408875,0.5824499495659664,0.11661403997626914,0.16428571939468384,0.7749999761581421
434,868349,2074.042327687179,68,0.5985453718746687,0.11661312964084965,0.0,0.7749999761581421,12.480243161094226,3.5831934528869485,7.0,28.0,0.7757150419056416,0.5422225594520569,-0.006928990645974409,0.0051207999349571764,0.028933048289920948,0.5985453718746687,0.11661312964084965,0.0,0.7749999761581421
435,872445,1948.6340667610743,70,0.5898809492312096,0.10951572033182846,0.16428571939468384,0.7749999761581421,12.75925925925926,3.40715578781104,7.0,26.0,0.7752990834414959,0.5326412506401539,-0.009038400385179557,0.004820405156351626,0.029901373161144405,0.5898809492312096,0.10951572033182846,0.16428571939468384,0.7749999761581421
436,876541,1990.294654361501,72,0.5981648305287728,0.10027888488714612,0.22857142984867096,0.7749999761581421,12.50153846153846,3.1197875819057006,7.0,24.0,0.7771111503243446,0.5432656444609165,-0.005523819614609238,0.004061877334606834,0.024403270498807264,0.5981648305287728,0.10027888488714612,0.22857142984867096,0.7749999761581421
437,880637,2189.881115063323,74,0.6031818138830589,0.10928310885412794,0.1964285671710968,0.7749999761581421,12.345454545454546,3.3999189748893537,7.0,25.0,0.7986794747412205,0.5471230149269104,-0.0017117265197157394,0.004754515364766121,0.03146503705966125,0.6031818138830589,0.10928310885412794,0.1964285671710968,0.7749999761581421
438,884733,2116.3328161952186,76,0.5870493943353309,0.11280385410660827,0.1964285671710968,0.7749999761581421,12.847352024922118,3.5094532991098446,7.0,25.0,0.885687068104744,0.5335483439266682,0.011390910221962258,0.004486972582526505,0.031646705504767225,0.5870493943353309,0.11280385410660827,0.1964285671710968,0.7749999761581421
439,888829,2106.4099700894863,78,0.5842609222661057,0.11835037625710633,0.0,0.7749999761581421,12.92429022082019,3.63742506304576,7.0,28.0,0.965802263468504,0.5359817706048489,0.014943894377211109,0.005282675236230716,0.036868737778405596,0.5842609222661057,0.11835037625710633,0.0,0.7749999761581421
440,892925,2021.2626191927525,80,0.5424518703304707,0.13698750064341342,0.0,0.7749999761581421,14.212765957446809,4.18170366489171,7.0,28.0,1.0263770371675491,0.49569997377693653,0.0363399472553283,0.007633917790371925,0.04670841052209159,0.5424518703304707,0.13698750064341342,0.0,0.7749999761581421
441,897021,2003.463427359612,82,0.5234693830300655,0.14418334449131226,0.0,0.7749999761581421,14.814285714285715,4.449054015479366,7.0,28.0,1.0422835499048233,0.4759627692401409,0.028141729882918298,0.007922362361568958,0.04571501121609646,0.5234693830300655,0.14418334449131226,0.0,0.7749999761581421
442,901117,1981.1705698215146,84,0.5355759528268811,0.14365824226178228,0.0,0.7428571581840515,14.404929577464788,4.318496534557406,8.0,28.0,1.0145052075386047,0.4708944261074066,-0.0026360781339462847,0.008321815694216639,0.038005626579051786,0.5355759528268811,0.14365824226178228,0.0,0.7428571581840515
443,905213,2065.0928949084496,86,0.5375559929667449,0.13308101006225884,0.0,0.7749999761581421,14.376306620209059,4.100377685084564,7.0,28.0,0.9876799806952477,0.4775713477283716,-0.006077033074689098,0.0070855469384696335,0.03550974483007357,0.5375559929667449,0.13308101006225884,0.0,0.7749999761581421
444,909309,1978.2990211375604,88,0.5687647294683424,0.13126843858312767,0.0,0.7749999761581421,13.405940594059405,4.043113081427504,7.0,28.0,0.903120007365942,0.49833292700350285,-0.01911709358682856,0.0068604357074946165,0.030780887358488156,0.5687647294683424,0.13126843858312767,0.0,0.7749999761581421
445,610300,1725.6961206799133,16,0.9516265123254724,0.018498386152341145,0.8439062237739563,0.9775000214576721,24.29861111111111,13.512895004562159,9.0,111.0,1.0919723212718964,0.5806143134832382,-0.20001725852489471,0.01765756483655423,0.11973558237230708,0.9516265123254724,0.018498386152341145,0.8439062237739563,0.9775000214576721
446,614396,1765.8809653542412,18,0.9532765394233795,0.01953006311121927,0.866406261920929,0.9845312237739563,23.873493975903614,13.895119922895608,10.0,95.0,0.9952888712286949,0.7034704238176346,-0.13204023288562894,0.007629757485119626,0.10476931170303105,0.9532765394233795,0.01953006311121927,0.866406261920929,0.9845312237739563
447,618492,1900.2678296364843,20,0.951346979744133,0.02746755434541251,0.8157812356948853,0.9817187786102295,25.063218390804597,17.915559377336788,8.0,131.0,0.9767652302980423,0.7645492181181908,-0.08162791933864355,0.005758895160397515,0.0738667370293488,0.951346979744133,0.02746755434541251,0.8157812356948853,0.9817187786102295
448,622588,1888.0029012605428,22,0.9582637009773662,0.016957032720099508,0.8720312714576721,0.9803125262260437,21.219251336898395,11.426587509545461,9.0,91.0,0.9923601187765598,0.8091027326881886,-0.04517439380288124,0.003180505969794467,0.06158956669357281,0.9582637009773662,0.016957032720099508,0.8720312714576721,0.9803125262260437
449,626684,1885.3949025908464,24,0.9573129807729177,0.02209982894938387,0.7271875143051147,0.9845312237739563,21.932642487046632,16.021378908709238,9.0,194.0,1.1220250502228737,0.8396117277443409,-0.013695450281375088,0.001952506383531727,0.0366085124063624,0.9573129807729177,0.02209982894938387,0.7271875143051147,0.9845312237739563
450,630780,1868.4162902344706,27,0.9535017807143075,0.01513062733085714,0.8762500286102295,0.9817187786102295,24.034285714285716,10.251632423518645,9.0,88.0,1.245906412601471,0.8438190892338753,-0.0012820259798900224,0.0012301889437367208,0.025534340085871538,0.9535017807143075,0.01513062733085714,0.8762500286102295,0.9817187786102295
451,634876,1901.1512437087515,29,0.9497068972369425,0.016887088234772557,0.8692187666893005,0.9817187786102295,25.673202614379086,12.161672391746793,11.0,93.0,1.3105496913194656,0.8266055323183537,0.015160354902036488,0.001555975351948291,0.030223948522984097,0.9497068972369425,0.016887088234772557,0.8692187666893005,0.9817187786102295
452,638972,1869.055985071808,31,0.9448858571390734,0.017469514265163143,0.8849999904632568,0.9746875166893005,27.95035460992908,12.370363944911682,11.0,80.0,1.4280534833669662,0.8083895444869995,0.015982445853296667,0.001550052547827363,0.03057498500516126,0.9448858571390734,0.017469514265163143,0.8849999904632568,0.9746875166893005
453,643068,1892.3653583911732,33,0.9329331783744378,0.027405894308130997,0.82421875,0.9746875166893005,34.86178861788618,20.181826004251615,13.0,125.0,1.446402795612812,0.7855698466300964,0.021645753527991474,0.002057427140243817,0.03474289737010346,0.9329331783744378,0.027405894308130997,0.82421875,0.9746875166893005
454,647164,1873.3208063409884,35,0.9370161266096176,0.026086755315032822,0.8224999904632568,0.9750000238418579,31.85483870967742,16.32220610305971,10.0,111.0,1.4346199929714203,0.7763801366090775,0.006797190275392495,0.00235682308266405,0.03612587284676767,0.9370161266096176,0.026086755315032822,0.8224999904632568,0.9750000238418579
455,651260,1881.9295143018421,38,0.935941307040734,0.024130350602050554,0.8565624952316284,0.9775000214576721,32.63414634146341,17.018530451916575,9.0,102.0,1.4443649649620056,0.7693292759358883,0.0017815470091591123,0.002805265743518248,0.035813059024814,0.935941307040734,0.024130350602050554,0.8565624952316284,0.9775000214576721
456,655356,1898.5061895861834,40,0.9344196399999043,0.026514760127944865,0.8424999713897705,0.9775000214576721,33.96825396825397,18.41752810221332,9.0,112.0,1.4483482614159584,0.771840512752533,-0.0027486121252877638,0.0021894308520131744,0.03666012430836409,0.9344196399999043,0.026514760127944865,0.8424999713897705,0.9775000214576721
457,659452,1889.7450941051825,42,0.9359554296634236,0.02463060978762574,0.8424999713897705,0.9746875166893005,32.35245901639344,16.11684900413511,12.0,92.0,1.4339704513549805,0.7673350162804127,-0.001082200207747519,0.0023690841626375914,0.0351456243060648,0.9359554296634236,0.02463060978762574,0.8424999713897705,0.9746875166893005
458,663548,1847.12595914466,44,0.9412734925298762,0.022652104864056825,0.8157812356948853,0.9845312237739563,29.661654135338345,15.502552405924089,11.0,131.0,1.4206771552562714,0.7752383798360825,-0.002857064508134499,0.0023825676034903154,0.030633759209320023,0.9412734925298762,0.022652104864056825,0.8157812356948853,0.9845312237739563
459,667644,1891.4907134585544,46,0.9347122992788043,0.03735831691699774,0.6737499833106995,0.9775000214576721,33.92063492063492,27.363399020335216,9.0,232.0,1.438259519636631,0.7724948525428772,0.0006491281783382874,0.0025068187242140993,0.03328324617188204,0.9347122992788043,0.03735831691699774,0.6737499833106995,0.9775000214576721
460,671740,1863.9407483659745,48,0.9355733351361367,0.026513283450565854,0.8374999761581421,0.9746875166893005,32.83064516129032,17.256004926847346,12.0,113.0,1.4424768015742302,0.7686201594769955,0.002031487971180468,0.0026752656704047695,0.03974607827244704,0.9355733351361367,0.026513283450565854,0.8374999761581421,0.9746875166893005
461,675836,1904.6878498837334,51,0.936587106055162,0.02573539512216307,0.8284375071525574,0.9775000214576721,32.71653543307087,17.172078434498122,9.0,122.0,1.3975532203912735,0.7797931283712387,0.0005252579685475212,0.002516598819056526,0.032532271528901466,0.936587106055162,0.02573539512216307,0.8284375071525574,0.9775000214576721
462,679932,1877.614985011753,53,0.9409158596625695,0.0210547038507244,0.8537499904632568,0.9750000238418579,30.384615384615383,15.027863666886672,10.0,104.0,1.3906117379665375,0.7852669022977352,-0.0049592527793720365,0.0023217906200443394,0.03364102951991743,0.9409158596625695,0.0210547038507244,0.8537499904632568,0.9750000238418579
463,684028,1885.395730237544,55,0.9386502073592499,0.02086179122715278,0.8299999833106995,0.9803125262260437,31.96638655462185,14.318661956353441,11.0,79.0,1.4376168698072433,0.7613441199064255,0.005292591638863087,0.0023983872961252928,0.03900881173208766,0.9386502073592499,0.02086179122715278,0.8299999833106995,0.9803125262260437
464,688124,1892.3649415025668,57,0.9292584317071098,0.06230750887696662,0.3824999928474426,0.9746875166893005,35.70634920634921,29.625189694742605,12.0,247.0,1.411398395895958,0.7743227332830429,-0.000339137070113793,0.0031343754963018,0.03442026003037552,0.9292584317071098,0.06230750887696662,0.3824999928474426,0.9746875166893005
465,692220,1888.0041461678004,59,0.9405705977369238,0.02188781479110048,0.8600000143051147,0.9725000262260437,30.444444444444443,14.79923254600107,11.0,96.0,1.3737056702375412,0.7836842872202396,-0.008386385074118152,0.002514949068427086,0.03075748284763217,0.9405705977369238,0.02188781479110048,0.8600000143051147,0.9725000262260437
466,696316,1914.4827245592226,62,0.9433279029197164,0.02127026020215617,0.866406261920929,0.9800000190734863,28.833333333333332,14.65719391061377,8.0,95.0,1.3715628385543823,0.7892021983861923,-0.007900307478848845,0.002595258440123871,0.037723627463096834,0.9433279029197164,0.02127026020215617,0.866406261920929,0.9800000190734863
467,700412,1893.239769402081,64,0.9436465636105604,0.024880246110445103,0.7649999856948853,0.9859374761581421,29.140845070422536,15.914645371921582,10.0,116.0,1.3902972489595413,0.7963202819228172,-0.008095970522845164,0.0020801339123863727,0.029005054798645874,0.9436465636105604,0.024880246110445103,0.7649999856948853,0.9859374761581421
468,704508,1877.6147798042741,66,0.9408237539670047,0.03236541498427173,0.6575000286102295,0.9803125262260437,30.03676470588235,18.102001875091414,11.0,137.0,1.4455839097499847,0.7906819581985474,0.007813255986548029,0.002326656976947561,0.03445531982319383,0.9408237539670047,0.03236541498427173,0.6575000286102295,0.9803125262260437
469,708604,1912.2409602238608,68,0.9393955889598343,0.02563634023114409,0.8031250238418579,0.9789062738418579,31.224806201550386,16.519774530659838,10.0,140.0,1.4338975846767426,0.7974821552634239,0.006064155226340517,0.0019296250466140918,0.028489812972407193,0.9393955889598343,0.02563634023114409,0.8031250238418579,0.9789062738418579
470,712700,1909.127207070092,70,0.9365209177617104,0.02145744859296948,0.8650000095367432,0.9725000262260437,32.33870967741935,13.11542252512236,11.0,88.0,1.424599826335907,0.7796199694275856,0.0033495008610771038,0.0018719433937803842,0.030357539793968352,0.9365209177617104,0.02145744859296948,0.8650000095367432,0.9725000262260437
471,716796,1895.869322184036,72,0.9373954314451951,0.023906476059032077,0.8500000238418579,0.9775000214576721,32.146153846153844,13.710810747762027,9.0,74.0,1.4053436145186424,0.7843183130025864,-0.0009444263050681911,0.00207307146047242,0.029276260785298103,0.9373954314451951,0.023906476059032077,0.8500000238418579,0.9775000214576721
472,720892,1888.8741151469947,75,0.9450684900153173,0.02096284609872335,0.8537499904632568,0.9817187786102295,28.10958904109589,13.383757938017318,11.0,104.0,1.3739973828196526,0.7989924438297749,-0.011962213204242289,0.0019471128325676546,0.02868433852020367,0.9450684900153173,0.02096284609872335,0.8537499904632568,0.9817187786102295
473,724988,1868.193201356114,77,0.9422103083916824,0.021557664958450157,0.8607812523841858,0.9750000238418579,29.496350364963504,13.624861393571411,10.0,99.0,1.391348458826542,0.7979477941989899,-0.003483440901618451,0.0019062762148678303,0.027841501005446134,0.9422103083916824,0.021557664958450157,0.8607812523841858,0.9750000238418579
474,729084,1882.7949244810466,79,0.9401080792111561,0.023894595363815902,0.8101562261581421,0.9775000214576721,30.81203007518797,16.704035969887816,11.0,135.0,1.3952586650848389,0.7892432436347008,0.004549983037577476,0.0017962973361136392,0.028693600620902066,0.9401080792111561,0.023894595363815902,0.8101562261581421,0.9775000214576721
475,733180,1892.3653583911732,81,0.9421874969563586,0.02145647738676206,0.8550000190734863,0.9775000214576721,29.858156028368793,13.590036797075566,9.0,75.0,1.3905836790800095,0.7973810657858849,-0.0018975835118908435,0.0016603040494374,0.026574997414828175,0.9421874969563586,0.02145647738676206,0.8550000190734863,0.9775000214576721
476,737276,1883.6603048241698,83,0.9434353113174438,0.017782970117832603,0.8924999833106995,0.9746875166893005,28.818181818181817,11.66768075997079,11.0,68.0,1.403990887105465,0.801865927875042,-0.005153555553988554,0.00165044217283139,0.027093048776889783,0.9434353113174438,0.017782970117832603,0.8924999833106995,0.9746875166893005
477,741372,1892.3655668355452,85,0.9410009370710617,0.022293407763287143,0.8700000047683716,0.9803125262260437,29.796992481203006,13.834553775705086,12.0,88.0,1.413907304406166,0.7910459190607071,0.003494560907711275,0.0020208652422297746,0.028993245100641336,0.9410009370710617,0.022293407763287143,0.8700000047683716,0.9803125262260437
478,745468,1864.7884750418739,88,0.9414374978454024,0.022245290385560026,0.8199999928474426,0.9803125262260437,30.703703703703702,15.558289001459936,12.0,128.0,1.4302152246236801,0.7921548150479794,0.0027973208743787836,0.0019859616659232415,0.029199346070104826,0.9414374978454024,0.022245290385560026,0.8199999928474426,0.9803125262260437
479,749564,1887.1326979645285,90,0.9384264365761681,0.02191670085639923,0.8899999856948853,0.9732812643051147,31.699115044247787,12.915576762601761,11.0,77.0,1.4312899261713028,0.778828676789999,0.010966621775878593,0.001968125106941443,0.033167794236570146,0.9384264365761681,0.02191670085639923,0.8899999856948853,0.9732812643051147
480,753660,1889.7461334432724,92,0.933337841916272,0.05978509564543503,0.3125,0.9775000214576721,33.881889763779526,27.177635019399506,10.0,275.0,1.430205076932907,0.7766944579780102,0.008519702969351783,0.0028649339656112716,0.03807764522823663,0.933337841916272,0.05978509564543503,0.3125,0.9775000214576721
481,757756,1923.4754559640005,94,0.9346303600095102,0.07547871473945796,0.10249999910593033,0.9750000238418579,33.059701492537314,32.5383266992712,10.0,359.0,1.4644940868020058,0.7835471518337727,-0.0021550919045694172,0.003080720707657747,0.035091356099562404,0.9346303600095102,0.07547871473945796,0.10249999910593033,0.9750000238418579
482,761852,1724.970807709172,16,0.9317532499160992,0.023509346696954175,0.8127999901771545,0.9725000262260437,22.307692307692307,7.901014840066976,9.0,54.0,1.3796642050147057,0.8188506737351418,-0.005869103581062518,0.001631905608519446,0.024005841625056624,0.9317532499160992,0.023509346696954175,0.8127999901771545,0.9725000262260437
483,765948,1750.0346020535662,18,0.9355392574639845,0.023636041769390135,0.852400004863739,0.9747999906539917,21.073298429319372,8.569693898749815,7.0,55.0,1.3262316435575485,0.8295403458178043,-0.009281320119043812,0.0012346324620011728,0.02001674213849216,0.9355392574639845,0.023636041769390135,0.852400004863739,0.9747999906539917
484,770044,1833.8920111191492,21,0.9377298417376049,0.022191234301098064,0.824999988079071,0.9750000238418579,20.512437810945272,8.23238928626194,8.0,70.0,1.3145119324326515,0.8302484154701233,-0.01000295125413686,0.001194116488477448,0.02045772027408017,0.9377298417376049,0.022191234301098064,0.824999988079071,0.9750000238418579
485,774140,1878.4776631122566,23,0.9376694896817207,0.01943091160934154,0.8560000061988831,0.9747999906539917,20.42,7.446045930559387,7.0,45.0,1.3463969081640244,0.8357508517801762,-0.006384167369105853,0.0009611221867089625,0.01708865861876919,0.9376694896817207,0.01943091160934154,0.8560000061988831,0.9747999906539917
486,778236,1875.8961003339077,25,0.9392470204003966,0.019265921555642017,0.8704000115394592,0.9750000238418579,19.81188118811881,6.802318869744767,7.0,41.0,1.3520687967538834,0.83930404484272,-0.0004161490433034487,0.0011697974041453563,0.018900054488946043,0.9392470204003966,0.019265921555642017,0.8704000115394592,0.9750000238418579
487,782332,1871.6081402283119,27,0.937024866170551,0.027120913327011477,0.6725000143051147,0.9711999893188477,20.746268656716417,10.254973238718302,8.0,131.0,1.3757279813289642,0.8431450165808201,0.0023072064759617206,0.0010205337348452304,0.01845913469443764,0.937024866170551,0.027120913327011477,0.6725000143051147,0.9711999893188477
488,786428,1860.554915703658,29,0.933627543400745,0.020924743417772475,0.852400004863739,0.9750000238418579,21.744897959183675,7.558359643453844,8.0,48.0,1.3775284439325333,0.8321930840611458,0.0035638323897728696,0.001023836219246732,0.017346153832491377,0.933627543400745,0.020924743417772475,0.852400004863739,0.9750000238418579
489,790524,1864.7898919368824,32,0.9380162334079065,0.018654638967684937,0.8725000023841858,0.9775000214576721,20.31979695431472,7.2374003212858895,9.0,51.0,1.3659312799572945,0.8372518457472324,-0.00467062222014647,0.0009712504397612065,0.016703339988522085,0.9380162334079065,0.018654638967684937,0.8725000023841858,0.9775000214576721
490,794620,1885.3949025908464,34,0.9346476118400614,0.02314149301928799,0.8307999968528748,0.9750000238418579,21.41269841269841,8.278808774766508,8.0,49.0,1.3547001630067825,0.8316700980067253,0.003848526917863637,0.0011997403926216066,0.019084815401438495,0.9346476118400614,0.02314149301928799,0.8307999968528748,0.9750000238418579
491,798716,1885.3955233258016,36,0.9388485482105842,0.02082670260439097,0.8632000088691711,0.9750000238418579,20.08173076923077,7.213639117125986,8.0,52.0,1.3453724905848503,0.8404052741825581,-0.004793599979166174,0.0009411784267285839,0.014369810728055377,0.9388485482105842,0.02082670260439097,0.8632000088691711,0.9750000238418579
492,802812,1855.4962619781943,38,0.934375525472012,0.021035390814850955,0.852400004863739,0.9711999893188477,21.54787234042553,7.904539884915104,8.0,52.0,1.3555329218506813,0.8317867554724216,0.0005696990119758993,0.000977866871835431,0.017518839085119982,0.934375525472012,0.021035390814850955,0.852400004863739,0.9711999893188477
493,806908,1870.7533883979304,40,0.937056050156102,0.019827388722208468,0.852400004863739,0.9775000214576721,20.646464646464647,7.593608598135632,7.0,51.0,1.3634361028671265,0.8402608148753643,0.00042520399802015163,0.0009610994238755666,0.016178888843086645,0.937056050156102,0.019827388722208468,0.852400004863739,0.9775000214576721
494,811004,1892.366192168937,43,0.9370738600366678,0.01855694838269041,0.8675000071525574,0.9750000238418579,20.65326633165829,7.108306195520031,8.0,53.0,1.400078907608986,0.8347606360912323,0.0005859425400558393,0.0008943433058448136,0.015109146279425147,0.9370738600366678,0.01855694838269041,0.8675000071525574,0.9750000238418579
495,815100,1834.7132073658208,45,0.932522093393526,0.024026434383087738,0.800000011920929,0.9775000214576721,22.044198895027623,9.166853093016657,9.0,80.0,1.3675135597586632,0.8273906297981739,0.0036485482996795326,0.0013416765359579585,0.022129570872636197,0.932522093393526,0.024026434383087738,0.800000011920929,0.9775000214576721
496,819196,1889.745925575563,47,0.9319822831700245,0.02556942679566593,0.7947999835014343,0.9711999893188477,22.270833333333332,9.610626894513986,8.0,59.0,1.404004044830799,0.8308076448738575,0.006700168160023168,0.001389026831020601,0.023382156132930494,0.9319822831700245,0.02556942679566593,0.7947999835014343,0.9711999893188477
497,823292,1829.7937189029888,49,0.9347755259021799,0.019998156665738148,0.8725000023841858,0.9711999893188477,21.46276595744681,7.302993907231052,8.0,51.0,1.398714430630207,0.8307288326323032,0.0015470640537387226,0.001089480454538716,0.018914373296413607,0.9347755259021799,0.019998156665738148,0.8725000023841858,0.9711999893188477
498,827388,1789.0259173305446,52,0.9339327873081289,0.02244474396393592,0.8349999785423279,0.9675999879837036,21.612903225806452,8.497984907332937,9.0,66.0,1.3786051198840141,0.8304165937006474,0.0054799914214527234,0.0011859860751428641,0.020563531024656655,0.9339327873081289,0.02244474396393592,0.8349999785423279,0.9675999879837036
499,831484,2041.4162526964606,54,0.9350594792610559,0.02131138918393334,0.8500000238418579,0.9711999893188477,21.307692307692307,7.654574118196679,8.0,60.0,1.3720669522881508,0.8302989453077316,-0.006034379650373012,0.001179501778096892,0.018691467546130724,0.9350594792610559,0.02131138918393334,0.8500000238418579,0.9711999893188477
500,835580,2192.2286795205237,56,0.9364846850536308,0.021299408741185712,0.8550000190734863,0.9750000238418579,20.8265306122449,8.34159177072764,8.0,58.0,1.356675200164318,0.8324271030724049,-0.003987909574789228,0.001182657782919705,0.017814030542991674,0.9364846850536308,0.021299408741185712,0.8550000190734863,0.9750000238418579
501,839676,2186.3740497059,57,0.935417939760746,0.02131993099068495,0.8163999915122986,0.9700000286102295,21.128205128205128,7.4440803781173095,9.0,58.0,1.3286712020635605,0.8365798555314541,-0.0020928224475937895,0.0010951471122098155,0.019590661253937186,0.935417939760746,0.02131993099068495,0.8163999915122986,0.9700000286102295
502,843772,2169.0039630705955,59,0.9387477744976288,0.020348487165907283,0.8596000075340271,0.9725000262260437,20.064039408866996,7.2295805490154885,8.0,43.0,1.300707571208477,0.8387473076581955,-0.0028309659865044523,0.0010831025429069996,0.015451362463915116,0.9387477744976288,0.020348487165907283,0.8596000075340271,0.9725000262260437
503,847868,1962.184284543101,61,0.9382966241011252,0.021035381192662354,0.8575000166893005,0.9700000286102295,20.317307692307693,7.9163467961953975,9.0,57.0,1.2791773602366447,0.8403986990451813,-0.0039061596035026014,0.001188322770758532,0.018196742508862936,0.9382966241011252,0.021035381192662354,0.8575000166893005,0.9700000286102295
504,851964,1866.490299445774,64,0.9425579337316139,0.019505903673879617,0.8675000071525574,0.9750000238418579,18.7803738317757,7.189256512744846,7.0,53.0,1.2868368029594421,0.8434258811175823,-0.009111757157370448,0.001126150724303443,0.01752295540979299,0.9425579337316139,0.019505903673879617,0.8675000071525574,0.9750000238418579
505,856060,1834.7126195549176,66,0.9425816412912597,0.018380013662004032,0.8776000142097473,0.9750000238418579,18.825688073394495,6.678521009563334,8.0,46.0,1.3401381075382233,0.8500835411250591,-0.007362766365986317,0.0008812978012429085,0.01630771305067003,0.9425816412912597,0.018380013662004032,0.8776000142097473,0.9750000238418579
506,860156,1857.1799560543338,68,0.9392425630352285,0.02058528333168209,0.8343999981880188,0.9800000190734863,19.935643564356436,7.381460374417263,8.0,46.0,1.365549884736538,0.8436631597578526,0.005553116265218705,0.00105069468554575,0.019613672499811094,0.9392425630352285,0.02058528333168209,0.8343999981880188,0.9800000190734863
507,864252,1896.7469751181998,70,0.9331941088253164,0.021772533354909217,0.862500011920929,0.9725000262260437,22.0,8.661797617579992,8.0,55.0,1.3926272317767143,0.8300055526196957,0.007815582328476012,0.001021248594042845,0.017861715997017726,0.9331941088253164,0.021772533354909217,0.862500011920929,0.9725000262260437
508,868348,1846.293814642941,72,0.9344680558948617,0.024342652792946742,0.8343999981880188,0.9775000214576721,21.30366492146597,8.12802901559156,9.0,50.0,1.3750886991620064,0.8281293697655201,0.0016815570379549172,0.0014841019583400339,0.02008722287715837,0.9344680558948617,0.024342652792946742,0.8343999981880188,0.9775000214576721
509,872444,1877.615190219277,75,0.9365787462866986,0.02240056748004652,0.852400004863739,0.9725000262260437,20.870466321243523,8.177360906109142,9.0,56.0,1.3636807054281235,0.8311237841844559,-0.006477106449892744,0.0011775814382417593,0.016115270246700366,0.9365787462866986,0.02240056748004652,0.852400004863739,0.9725000262260437
510,876540,1885.3961440611654,77,0.9346258794595748,0.021859262205935242,0.8500000238418579,0.9700000286102295,21.477157360406093,8.326810471606763,10.0,60.0,1.3403563722968102,0.8329724706709385,-0.003101527050603181,0.0011627762360149063,0.020735688202612287,0.9346258794595748,0.021859262205935242,0.8500000238418579,0.9700000286102295
511,880636,1857.1785507000093,79,0.938558120152046,0.021797059273353413,0.8632000088691711,0.9775000214576721,20.11822660098522,7.287604214018423,8.0,50.0,1.3094917982816696,0.8397101573646069,-0.00248171083512716,0.001155187637777999,0.01869821797143392,0.938558120152046,0.021797059273353413,0.8632000088691711,0.9775000214576721
512,884732,1887.1337344310282,81,0.9402382262781555,0.019419416586585497,0.8812000155448914,0.9775000214576721,19.647058823529413,7.270875367133103,8.0,46.0,1.3317361250519753,0.8401872180402279,-0.0022062266507418826,0.0011105754419986624,0.018063788737784213,0.9402382262781555,0.019419416586585497,0.8812000155448914,0.9775000214576721
513,888828,1834.7128154918435,83,0.9391285612469628,0.020579153462367914,0.8019999861717224,0.9775000214576721,19.938095238095237,7.085261442262764,9.0,55.0,1.3833397179841995,0.846481017768383,0.0005364916632970562,0.000946733336604666,0.017030233291581032,0.9391285612469628,0.020579153462367914,0.8019999861717224,0.9775000214576721
514,892924,1898.5066091850183,86,0.9375589642769251,0.020619363833092076,0.8379999995231628,0.9711999893188477,20.384615384615383,7.588166849386107,8.0,55.0,1.3913322538137436,0.8374796211719513,0.006001824018312618,0.0011528774703037925,0.018943094833772094,0.9375589642769251,0.020619363833092076,0.8379999995231628,0.9711999893188477
515,897020,1888.8736997952128,88,0.9339643900931194,0.02837172938837198,0.6775000095367432,0.9747999906539917,21.69633507853403,10.977937759816413,7.0,129.0,1.381639875471592,0.8324068523943424,0.004223380557959899,0.001250582961802138,0.020135017104314496,0.9339643900931194,0.02837172938837198,0.6775000095367432,0.9747999906539917
516,901116,1875.036405124018,90,0.9332042703016556,0.020377984016327448,0.8324999809265137,0.9700000286102295,21.887700534759357,8.19046064117267,9.0,67.0,1.392578773200512,0.8232089355587959,0.0030127356621960644,0.0013159372392692603,0.021809096053524765,0.9332042703016556,0.020377984016327448,0.8324999809265137,0.9700000286102295
517,905212,1879.338667282762,92,0.9310563463532464,0.028057822968289018,0.6949999928474426,0.9674999713897705,22.696132596685082,11.06791872134039,10.0,122.0,1.418683186173439,0.8267863392829895,0.005179225001484156,0.0013348449429031461,0.021007879050963407,0.9310563463532464,0.028057822968289018,0.6949999928474426,0.9674999713897705
518,909308,1895.8705774867958,94,0.9362979717928954,0.022708478064716948,0.8416000008583069,0.9750000238418579,20.803030303030305,7.415285258419138,8.0,45.0,1.3703496232628822,0.8353479206562042,-0.0032277766877086833,0.0010606205432850402,0.017659515974505446,0.9362979717928954,0.022708478064716948,0.8416000008583069,0.9750000238418579
519,913404,1704.86339147147,16,0.9325539875030517,0.02251503925919779,0.8452000021934509,0.9711999893188477,18.735,6.2541806018054835,8.0,43.0,1.370496705174446,0.841819129884243,0.003251826921768952,0.0010230273728666361,0.018105559001219317,0.9325539875030517,0.02251503925919779,0.8452000021934509,0.9711999893188477
520,917500,1769.6969318392637,19,0.9321972216878619,0.02278940086123911,0.8091999888420105,0.9711999893188477,18.83410138248848,6.330391783861962,8.0,53.0,1.355440504848957,0.8455983325839043,0.0020212515446473844,0.0010321655754523817,0.016824842024068875,0.9321972216878619,0.02278940086123911,0.8091999888420105,0.9711999893188477
521,921596,1870.7529809771938,21,0.9344486832618714,0.020063584904644643,0.848800003528595,0.9711999893188477,18.208695652173912,5.573221146774158,8.0,42.0,1.3575385585427284,0.8506034910678864,0.0002950531452370342,0.0008989192101580556,0.015954533790545025,0.9344486832618714,0.020063584904644643,0.848800003528595,0.9711999893188477
522,925692,1879.338461698342,23,0.935979207098742,0.020393816526367733,0.8632000088691711,0.9675999879837036,17.783549783549784,5.664951671667358,9.0,38.0,1.3315388187766075,0.8495792001485825,-0.0032115843423525803,0.000890625080501195,0.014439696342643998,0.935979207098742,0.020393816526367733,0.8632000088691711,0.9675999879837036
523,929788,1883.660717886328,25,0.9358977859240797,0.020647911220224083,0.8596000075340271,0.9711999893188477,17.80616740088106,5.735533944487175,8.0,39.0,1.3424868807196617,0.8500268086791039,-0.0013071125613350887,0.0009221218278980814,0.014228109575304345,0.9358977859240797,0.020647911220224083,0.8596000075340271,0.9711999893188477
524,933884,1885.3953164141044,27,0.9328217101852279,0.02278067836599409,0.8668000102043152,0.9747999906539917,18.660633484162897,6.327969769890859,7.0,37.0,1.377646453678608,0.8456498794257641,0.0039879285541246645,0.0009848856789176352,0.01656139826898236,0.9328217101852279,0.02278067836599409,0.8668000102043152,0.9747999906539917
525,937980,1890.6185411444867,29,0.9311082828335646,0.024022452341895793,0.8343999981880188,0.9711999893188477,19.13658536585366,6.672906855430342,8.0,46.0,1.3171745091676712,0.8374402895569801,0.003632383231888525,0.0011838551581604406,0.017307526698449042,0.9311082828335646,0.024022452341895793,0.8343999981880188,0.9711999893188477
526,942076,1880.201284193822,32,0.9360084622088125,0.02371249023537383,0.8163999915122986,0.9711999893188477,17.77542372881356,6.586805460645251,8.0,51.0,1.300794892013073,0.848163690418005,-0.010791457520099357,0.000990333177469438,0.01727253114591022,0.9360084622088125,0.02371249023537383,0.8163999915122986,0.9711999893188477
527,946172,1887.1322833782474,34,0.9367341640629346,0.0202055590753172,0.8668000102043152,0.9711999893188477,17.573839662447256,5.612658164407877,8.0,37.0,1.3135682567954063,0.8498102389276028,-0.0038226617689360864,0.0009676280933490489,0.01491051358169284,0.9367341640629346,0.0202055590753172,0.8668000102043152,0.9711999893188477
528,950268,1866.4905022288326,36,0.9363161442581743,0.020995443196492124,0.8452000021934509,0.9747999906539917,17.689956331877728,5.83207023530531,7.0,43.0,1.3249634951353073,0.8528466708958149,0.000290502626739908,0.0008601957597420551,0.01453764161643761,0.9363161442581743,0.020995443196492124,0.8452000021934509,0.9747999906539917
529,954364,1912.6950684378194,38,0.9351368303361692,0.019613845328325514,0.8632000088691711,0.9675999879837036,18.017543859649123,5.448293562144426,9.0,38.0,1.3880953937768936,0.850467674434185,0.0038484886317746714,0.0007982941424415912,0.014687073359506655,0.9351368303361692,0.019613845328325514,0.8632000088691711,0.9675999879837036
530,958460,1877.6147798042741,40,0.926690898459367,0.024324814389894762,0.8199999928474426,0.9711999893188477,20.363636363636363,6.756896283273861,8.0,50.0,1.4352833181619644,0.8383930251002312,0.013766157149802893,0.0009902318088279571,0.020490140307470178,0.926690898459367,0.024324814389894762,0.8199999928474426,0.9711999893188477
531,962556,1901.1619733724635,43,0.9291886701336447,0.025935086569341168,0.7911999821662903,0.9711999893188477,19.669811320754718,7.204193875678417,8.0,58.0,1.4338069036602974,0.8366121165454388,0.005155473583727144,0.001174771703517763,0.016224860288106636,0.9291886701336447,0.025935086569341168,0.7911999821662903,0.9711999893188477
532,966652,1910.9098974652222,45,0.9248775444468673,0.02697003230549682,0.8343999981880188,0.9747999906539917,20.867346938775512,7.491679405060317,7.0,46.0,1.4044198021292686,0.8279508091509342,0.0051008213486056775,0.0012187115353299305,0.017183987981228544,0.9248775444468673,0.02697003230549682,0.8343999981880188,0.9747999906539917
533,970748,1893.2401866762261,47,0.9278914452198163,0.022907858525287424,0.8307999968528748,0.9711999893188477,20.030150753768844,6.3632973562143835,8.0,47.0,1.4037885069847107,0.8299319073557854,0.0011175600557180587,0.0011904397106263787,0.020962728481012823,0.9278914452198163,0.022907858525287424,0.8307999968528748,0.9711999893188477
534,974844,1880.201284193822,49,0.9316176365987927,0.024417671543380808,0.8307999968528748,0.9711999893188477,18.995098039215687,6.782689579478392,8.0,47.0,1.3885199204087257,0.8268519155681133,0.004291952802304877,0.0014522538040182553,0.021330989686343192,0.9316176365987927,0.024417671543380808,0.8307999968528748,0.9711999893188477
535,978940,1852.5504394125667,51,0.9235690722718907,0.07353868379269227,0.0,0.9711999893188477,21.096618357487923,18.7652762417511,8.0,250.0,1.3795266672968864,0.8333294503390789,0.0018738752951321658,0.0017765993979992345,0.021919553786463084,0.9235690722718907,0.07353868379269227,0.0,0.9711999893188477
536,983036,1876.7545340407958,53,0.9329439907603794,0.021723155724591475,0.8452000021934509,0.9711999893188477,18.626666666666665,6.034213563782221,8.0,43.0,1.3785366043448448,0.8475948236882687,-0.0018673734102776507,0.0010281084760208614,0.016540954933692568,0.9329439907603794,0.021723155724591475,0.8452000021934509,0.9711999893188477
537,987132,1844.8066776067328,56,0.9282117561966765,0.024609834647915985,0.8127999901771545,0.9711999893188477,19.941176470588236,6.836068600448257,8.0,52.0,1.3810640275478363,0.8323300182819366,0.005778035272669513,0.0011586413966142572,0.02001002386353145,0.9282117561966765,0.024609834647915985,0.8127999901771545,0.9711999893188477
538,991228,1878.4764307363946,58,0.930951647566393,0.02336374556261053,0.848800003528595,0.9711999893188477,19.180094786729857,6.48993256017081,8.0,42.0,1.326686054468155,0.834506768733263,-0.0075937246438115835,0.0012065691844327375,0.014838077236922275,0.930951647566393,0.02336374556261053,0.848800003528595,0.9711999893188477
539,995324,1854.6551587928327,60,0.9343594596249416,0.022458638567293708,0.8416000008583069,0.9711999893188477,18.233480176211454,6.238513868643284,8.0,44.0,1.2859328985214233,0.8445893302559853,-0.00944281613919884,0.0011266387627983931,0.014158892008397195,0.9343594596249416,0.022458638567293708,0.8416000008583069,0.9711999893188477
540,999420,1853.8152178886114,62,0.9390322436248103,0.019244502932412443,0.8632000088691711,0.9711999893188477,16.93548387096774,5.345697599975611,8.0,38.0,1.2844821140170097,0.8567860387265682,-0.008704709965968505,0.0008355216814379673,0.01365548426439153,0.9390322436248103,0.019244502932412443,0.8632000088691711,0.9711999893188477
541,1003516,1865.6396069399716,65,0.9398859364927308,0.017430113267731487,0.8704000115394592,0.9747999906539917,16.698347107438018,4.841700464056886,7.0,36.0,1.3473379537463188,0.8600441478192806,-0.001388593631418189,0.0007206032023532316,0.012214865628582313,0.9398859364927308,0.017430113267731487,0.8704000115394592,0.9747999906539917
542,1007612,1846.2934178063783,67,0.935052042410254,0.01959853643910433,0.8560000061988831,0.9675999879837036,18.041095890410958,5.444040827747715,9.0,40.0,1.393793262541294,0.8479293398559093,0.00821642519440502,0.0010397270489193033,0.02115338869314281,0.935052042410254,0.01959853643910433,0.8560000061988831,0.9675999879837036
543,1011708,1869.0452080655898,69,0.9289121388274932,0.06666186620494545,0.0,0.9711999893188477,19.61682242990654,16.717915209991613,8.0,250.0,1.423825703561306,0.836028877645731,0.009980204020394012,0.001889814629976172,0.021150829110241638,0.9289121388274932,0.06666186620494545,0.0,0.9711999893188477
544,1015804,1869.0458180814915,71,0.9266793865654337,0.02810440223771617,0.8163999915122986,0.9711999893188477,20.366834170854272,7.80678132786771,8.0,51.0,1.4055763259530067,0.8271091431379318,0.007813738833647221,0.0014720465842401609,0.021633785521514973,0.9266793865654337,0.02810440223771617,0.8163999915122986,0.9711999893188477
545,1019900,1878.4764307363946,73,0.9275258450973325,0.02781219417313076,0.8271999955177307,0.9711999893188477,20.13170731707317,7.725612739907407,8.0,48.0,1.3673780784010887,0.8279459401965141,-0.005924083961872384,0.001444997738872189,0.017236683710456134,0.9275258450973325,0.02781219417313076,0.8271999955177307,0.9711999893188477
546,1023996,1858.0211409374924,76,0.9340799882676867,0.0202543710107873,0.8668000102043152,0.9711999893188477,18.31111111111111,5.62621728940985,8.0,37.0,1.324360504746437,0.841913104057312,-0.012553490261780098,0.0009286509048251901,0.01383501598968405,0.9340799882676867,0.0202543710107873,0.8668000102043152,0.9711999893188477
547,1028092,1878.4762253405747,78,0.9372327466463221,0.019953201014820416,0.8704000115394592,0.9711999893188477,17.435344827586206,5.5425587628562525,8.0,36.0,1.3258959129452705,0.8506250903010368,-0.008382495172554627,0.000833910220535472,0.013021418072355705,0.9372327466463221,0.019953201014820416,0.8704000115394592,0.9711999893188477
548,1032188,1853.815417926877,80,0.9348698562930244,0.02106821352818061,0.852400004863739,0.9675999879837036,18.09170305676856,5.852284380545488,9.0,41.0,1.327317513525486,0.8485960960388184,0.0017809140190365724,0.0009262860330636613,0.013127167553145361,0.9348698562930244,0.02106821352818061,0.852400004863739,0.9675999879837036
549,1036284,1861.3995647022214,82,0.9357550532807337,0.02123963151083563,0.852400004863739,0.9711999893188477,17.845814977973568,5.899900515934607,8.0,41.0,1.3145631402730942,0.851182334125042,0.0003840289282379672,0.0009454932660446502,0.013421103606283938,0.9357550532807337,0.02123963151083563,0.852400004863739,0.9711999893188477
550,1040380,1886.263710677882,84,0.9369468216151627,0.019627940655326588,0.8560000061988831,0.9711999893188477,17.514767932489452,5.452208282624127,8.0,40.0,1.3424621298909187,0.852161955088377,-0.0013014526157348882,0.0008826998055155855,0.013059572989962564,0.9369468216151627,0.019627940655326588,0.8560000061988831,0.9711999893188477
551,1044476,1858.0934846613106,87,0.9349556430432592,0.020533833174344446,0.8776000142097473,0.9711999893188477,18.06787330316742,5.703845610917137,8.0,34.0,1.3870136439800262,0.8476760946214199,0.004308311967179179,0.0008841152412060183,0.016238459157622072,0.9349556430432592,0.020533833174344446,0.8776000142097473,0.9711999893188477
552,1048572,1875.4588860366218,89,0.9299590626428293,0.022962584404085922,0.8452000021934509,0.9675999879837036,19.455813953488374,6.378499580278992,9.0,43.0,1.3608993366360664,0.8431427106261253,0.003805405409366358,0.0009745150273374747,0.015371901101549883,0.9299590626428293,0.022962584404085922,0.8452000021934509,0.9675999879837036
553,1052668,1859.7080132267597,91,0.932947932313022,0.020296694105877384,0.8416000008583069,0.9711999893188477,18.625570776255707,5.637973341163973,8.0,44.0,1.3276862278580666,0.8435298949480057,-0.0033791560963436496,0.0008493010936945211,0.012464136507296558,0.932947932313022,0.020296694105877384,0.8416000008583069,0.9711999893188477
554,1056764,1881.9291019985953,93,0.9345656265771336,0.020666539431286556,0.8596000075340271,0.9747999906539917,18.176211453744493,5.7407084636426555,7.0,39.0,1.3205592632293701,0.8450804688036442,-0.006057995255105197,0.0009272519746446051,0.0141909589161445,0.9345656265771336,0.020666539431286556,0.8596000075340271,0.9747999906539917
555,1060860,1870.7529809771938,95,0.9387555414266547,0.01945518864853654,0.8812000155448914,0.9747999906539917,17.012345679012345,5.404221396379145,7.0,33.0,1.3157140910625458,0.8565501011908054,-0.006363100648741238,0.0007893509609857574,0.01225092904951601,0.9387555414266547,0.01945518864853654,0.8812000155448914,0.9747999906539917
556,761851,1853.8136175840416,16,0.9374662150402326,0.019919565591687952,0.8475000262260437,0.9750000238418579,25.013513513513512,7.9678293073734325,10.0,61.0,1.4508069157600403,0.8211159408092499,0.013587135064881295,0.0011991150859103072,0.025153152861810784,0.9374662150402326,0.019919565591687952,0.8475000262260437,0.9750000238418579
557,765947,1875.0237172660986,18,0.9295652171839839,0.02491999876658792,0.8600000143051147,0.9750000238418579,28.17391304347826,9.968001735610514,10.0,56.0,1.4964125454425812,0.806884553283453,0.01683191384654492,0.0014821235672570765,0.025407544551784816,0.9295652171839839,0.02491999876658792,0.8600000143051147,0.9750000238418579
558,770043,1885.8212368359236,20,0.9280912135098431,0.028945952843338958,0.8349999785423279,0.9700000286102295,28.763513513513512,11.5783824002567,12.0,66.0,1.5015201941132545,0.8000154867768288,0.010091782634845003,0.0017008281720336527,0.024120356630440053,0.9280912135098431,0.028945952843338958,0.8349999785423279,0.9700000286102295
559,774139,1870.7511475860756,22,0.9269074051468461,0.029561932241919324,0.8125,0.9725000262260437,29.237037037037037,11.824774624683304,11.0,75.0,1.4561796486377716,0.7845554687082767,0.0038794626598246396,0.001710066499072127,0.023208229837490428,0.9269074051468461,0.029561932241919324,0.8125,0.9725000262260437
560,778235,1861.397749598491,25,0.9326602518558502,0.025828696699930362,0.8575000166893005,0.9825000166893005,26.935897435897434,10.331480078133298,7.0,57.0,1.3802735954523087,0.8013874962925911,-0.014861073286738247,0.0016190496971830726,0.020049114364266082,0.9326602518558502,0.025828696699930362,0.8575000166893005,0.9825000166893005
561,782331,1858.0193324165737,27,0.9411857094083513,0.020902518578950407,0.8600000143051147,0.9775000214576721,23.525714285714287,8.361009606061522,9.0,56.0,1.340080700814724,0.8197654224932194,-0.013036690885201097,0.0013617760560009629,0.020753958844512012,0.9411857094083513,0.020902518578950407,0.8600000143051147,0.9775000214576721
562,786427,1867.3387235849177,29,0.9404915685064337,0.02098363667170073,0.862500011920929,0.9775000214576721,23.803370786516854,8.393455843533628,9.0,55.0,1.346974641084671,0.8259701132774353,-0.009420643094927073,0.0011113887376268394,0.0181579596375233,0.9404915685064337,0.02098363667170073,0.862500011920929,0.9775000214576721
563,790523,1863.9282102257964,31,0.9396779091080274,0.023741549794482675,0.8125,0.9775000214576721,24.12883435582822,9.496623383944863,9.0,75.0,1.3909381479024887,0.8224644772708416,0.0007863506070862059,0.0012987668669666164,0.02094839968492064,0.9396779091080274,0.023741549794482675,0.8125,0.9775000214576721
564,794619,1862.2534591783997,33,0.9355537940429736,0.02405594142985576,0.8199999928474426,0.9725000262260437,25.77848101265823,9.622378595990504,11.0,72.0,1.4133138358592987,0.8183215148746967,0.007931709682452492,0.0012623384609469213,0.0225159856356877,0.9355537940429736,0.02405594142985576,0.8199999928474426,0.9725000262260437
565,798715,1892.353268696163,36,0.9339150932599913,0.022601144475627635,0.8575000166893005,0.9750000238418579,26.433962264150942,9.040459930059072,10.0,57.0,1.4071584045886993,0.8147394508123398,0.0036863402856397443,0.0013130050429026596,0.019958157784557774,0.9339150932599913,0.022601144475627635,0.8575000166893005,0.9750000238418579
566,802811,1872.4716327651897,38,0.9376863330047324,0.02101934422433352,0.8550000190734863,0.9725000262260437,24.925465838509318,8.407740292889875,11.0,58.0,1.4024142920970917,0.8176413513720036,-0.0008716795291547896,0.0012098257502657361,0.020314102245068855,0.9376863330047324,0.02101934422433352,0.8550000190734863,0.9725000262260437
567,806907,1869.034024511295,40,0.9361490636878873,0.0236432970314109,0.8399999737739563,0.9775000214576721,25.540372670807454,9.45732079562192,9.0,64.0,1.3930825516581535,0.819533858448267,0.0025230765277228784,0.0012952473625773564,0.02098397431112689,0.9361490636878873,0.0236432970314109,0.8399999737739563,0.9775000214576721
568,811003,1844.6379128589851,42,0.9386403473497135,0.021147986688456157,0.824999988079071,0.9775000214576721,24.54385964912281,8.459197234468922,9.0,70.0,1.3808871135115623,0.8250277899205685,-0.004087865741894348,0.0011778912812587805,0.018193989954270722,0.9386403473497135,0.021147986688456157,0.824999988079071,0.9775000214576721
569,815099,1867.3488720116077,44,0.9403970536063699,0.021029308981356586,0.8199999928474426,0.9775000214576721,23.841176470588234,8.411725627223088,9.0,72.0,1.3491416946053505,0.8260260671377182,-0.0012775285176758189,0.001310321815253701,0.0174756961678773,0.9403970536063699,0.021029308981356586,0.8199999928474426,0.9775000214576721
570,819195,1864.7783544258593,47,0.9370524666191619,0.02125662899485347,0.8550000190734863,0.9750000238418579,25.179012345679013,8.502653413724545,10.0,58.0,1.4471207931637764,0.818230215460062,0.005047221158747561,0.0010632767662173137,0.0190102274201051,0.9370524666191619,0.02125662899485347,0.8550000190734863,0.9750000238418579
571,823291,1877.6041090771703,49,0.9353639215608186,0.02036227244572677,0.8600000143051147,0.9725000262260437,25.854430379746834,8.144910618252986,11.0,56.0,1.4248413071036339,0.8197292797267437,0.002306981214132975,0.0010458734286658,0.01712288562736907,0.9353639215608186,0.02036227244572677,0.8600000143051147,0.9725000262260437
572,827387,1858.0293797995628,51,0.9355537944202181,0.02185000123801882,0.8725000023841858,0.9775000214576721,25.77848101265823,8.740002185297586,9.0,51.0,1.403667613863945,0.8129135258495808,0.004335336077929242,0.001223520390340127,0.019478728898918985,0.9355537944202181,0.02185000123801882,0.8725000023841858,0.9775000214576721
573,831483,1879.32633229718,53,0.9356677006490483,0.023383705422826452,0.8525000214576721,0.9775000214576721,25.732919254658384,9.353484595948608,9.0,59.0,1.3922495543956757,0.8160061165690422,-0.0005622697935905308,0.0012404886219883338,0.019155209269955585,0.9356677006490483,0.023383705422826452,0.8525000214576721,0.9775000214576721
574,835579,1897.625021801315,55,0.9348417682738244,0.02274424459343323,0.8274999856948853,0.9725000262260437,26.063291139240505,9.097700046189027,11.0,69.0,1.4024013206362724,0.8121843785047531,-0.002901119165471755,0.0012191749265184626,0.02143223074766764,0.9348417682738244,0.02274424459343323,0.8274999856948853,0.9725000262260437
575,839675,1878.4846466060183,58,0.9362499982118606,0.023263093454534214,0.8324999809265137,0.9725000262260437,25.5,9.30524045901018,11.0,67.0,1.4186957404017448,0.8144280463457108,-0.0028410344129952136,0.0011945058140554465,0.01903137970225828,0.9362499982118606,0.023263093454534214,0.8324999809265137,0.9725000262260437
576,843771,1847.9473251404177,60,0.9369444405591046,0.02170935408385679,0.8450000286102295,0.9750000238418579,25.22222222222222,8.68374385892441,10.0,62.0,1.4106329381465912,0.8173946961760521,-0.0002888555045501562,0.001265543804038316,0.020066220726950017,0.9369444405591046,0.02170935408385679,0.8450000286102295,0.9750000238418579
577,847867,1871.6099752995715,62,0.938357985231298,0.02278183570079696,0.8349999785423279,0.9750000238418579,24.65680473372781,9.112737257422593,10.0,66.0,1.3883527964353561,0.8191947191953659,-0.002727850191149628,0.0012883571471320465,0.01771815228999382,0.938357985231298,0.02278183570079696,0.8349999785423279,0.9750000238418579
578,851963,1874.1762707840967,64,0.9398644527038896,0.02097088303053955,0.8575000166893005,0.9775000214576721,24.05421686746988,8.38835683616284,9.0,57.0,1.3727073967456818,0.8218308798968792,-0.0073177911399398,0.0011252475524088368,0.016407116949611902,0.9398644527038896,0.02097088303053955,0.8575000166893005,0.9775000214576721
579,856059,1882.7928610701995,66,0.9417318395396185,0.016392628897694397,0.8899999856948853,0.9775000214576721,23.307262569832403,6.557055374788313,9.0,44.0,1.3904179632663727,0.8333145938813686,-0.006324480622424744,0.0009209750751324464,0.016518465610317522,0.9417318395396185,0.016392628897694397,0.8899999856948853,0.9775000214576721
580,860155,1880.1994322367352,69,0.9379218731075525,0.020969129398403105,0.8525000214576721,0.9750000238418579,24.83125,8.387656015687577,10.0,59.0,1.3964714035391808,0.8227979429066181,0.0040476891517755575,0.001214010721014347,0.018628663666166653,0.9379218731075525,0.020969129398403105,0.8525000214576721,0.9750000238418579
581,864251,1856.3457505944837,71,0.9408189606392521,0.019679837616042833,0.8650000095367432,0.9750000238418579,23.67241379310345,7.871937494716868,10.0,54.0,1.38462945073843,0.8320480957627296,0.0009103792253881693,0.0010121316990989726,0.01546131955766952,0.9408189606392521,0.019679837616042833,0.8650000095367432,0.9750000238418579
582,868347,1883.648326100383,73,0.9392587157875992,0.02152090719424291,0.8600000143051147,0.9725000262260437,24.296511627906977,8.608364613539102,11.0,56.0,1.410938873887062,0.8248893171548843,0.00296163540406269,0.0012163326246081851,0.018629668903659517,0.9392587157875992,0.02152090719424291,0.8600000143051147,0.9725000262260437
583,872443,1854.2271881639394,75,0.9367968708276748,0.02322809509589005,0.8274999856948853,0.9725000262260437,25.28125,9.291240414363413,11.0,69.0,1.3970469310879707,0.8187688030302525,0.00325871040331549,0.0014743298961548135,0.019998664552258426,0.9367968708276748,0.02322809509589005,0.8274999856948853,0.9725000262260437
584,876539,1872.4661224920426,77,0.9401162744954575,0.02041326323142409,0.8550000190734863,0.9750000238418579,23.953488372093023,8.16530803295997,10.0,58.0,1.358222097158432,0.823011439293623,-0.004426331979630049,0.0013145711200195365,0.01782811228013636,0.9401162744954575,0.02041326323142409,0.8550000190734863,0.9750000238418579
585,880635,1872.4618367464604,80,0.938343556015038,0.020680927438326373,0.8575000166893005,0.9750000238418579,24.662576687116566,8.272373164809565,10.0,57.0,1.362117014825344,0.8191393204033375,-0.0034589081842568703,0.001129878161009401,0.018249351223219218,0.938343556015038,0.020680927438326373,0.8575000166893005,0.9750000238418579
586,884731,1866.041243084027,82,0.9398419480214174,0.021572768360894258,0.8725000023841858,0.9775000214576721,24.063218390804597,8.629108915551095,9.0,51.0,1.3418663069605827,0.8278218396008015,-0.007499453640775755,0.0010844430107681546,0.01694378161777136,0.9398419480214174,0.021572768360894258,0.8725000023841858,0.9775000214576721
587,888827,1872.4626530774399,84,0.9418715048768667,0.017285881220305128,0.8949999809265137,0.9775000214576721,23.251396648044693,6.91435521977575,9.0,42.0,1.3812471106648445,0.8333663307130337,-0.0032333783456124365,0.0008954763397923671,0.016950236377482053,0.9418715048768667,0.017285881220305128,0.8949999809265137,0.9775000214576721
588,892923,1884.0885409915206,86,0.9410818651405691,0.020471391179268852,0.8824999928474426,0.9775000214576721,23.567251461988302,8.188558773356888,9.0,47.0,1.3963496834039688,0.8289917334914207,0.0016807074844109593,0.0009695980988908559,0.016872781963159434,0.9410818651405691,0.020471391179268852,0.8824999928474426,0.9775000214576721
589,897019,1888.0016563549268,88,0.9403612655022241,0.0208969564567014,0.862500011920929,0.9725000262260437,23.85549132947977,8.358785237972626,11.0,55.0,1.4059578105807304,0.8291506879031658,0.0009299376106355339,0.0011124768425361253,0.018110008986199924,0.9403612655022241,0.0208969564567014,0.862500011920929,0.9725000262260437
590,901115,1887.1320760851752,91,0.9387499969216841,0.022538201809605616,0.8600000143051147,0.9750000238418579,24.5,9.01528238358046,10.0,56.0,1.3971577510237694,0.8154131099581718,0.006240561597223859,0.0012874235471826978,0.025475486527500684,0.9387499969216841,0.022538201809605616,0.8600000143051147,0.9750000238418579
591,905211,1864.7783544258593,93,0.9351151283634337,0.024722697146335657,0.8224999904632568,0.9750000238418579,25.95394736842105,9.889081443021066,10.0,71.0,1.4395424127578735,0.8112300001084805,0.007769034855300561,0.001527386368252337,0.023130789910338942,0.9351151283634337,0.024722697146335657,0.8224999904632568,0.9750000238418579
592,909307,1865.6367705690193,95,0.9332784387522829,0.06306653406104692,0.1599999964237213,0.9750000238418579,26.688622754491018,25.2266146386539,10.0,336.0,1.4255504682660103,0.8209438510239124,0.004493937045481289,0.0022763772649341263,0.020315712899701237,0.9332784387522829,0.06306653406104692,0.1599999964237213,0.9750000238418579
593,913403,1869.0437846967013,15,0.933135825616342,0.021400056755374843,0.8467187285423279,0.9675999879837036,26.274074074074075,17.03522695698518,9.0,109.0,1.4982619658112526,0.7954256609082222,0.018407237948849797,0.0018649659541551955,0.028168396555634165,0.933135825616342,0.021400056755374843,0.8467187285423279,0.9675999879837036
594,917499,1894.1030856364923,18,0.9252328195160241,0.024599791975958536,0.8354687690734863,0.971875011920929,29.913669064748202,18.210788965319505,10.0,117.0,1.5088368356227875,0.7854254692792892,0.014819960400927812,0.002220999318524264,0.02952087538457694,0.9252328195160241,0.024599791975958536,0.8354687690734863,0.971875011920929
595,921595,1858.873949208858,20,0.9294513227246332,0.02168718468670205,0.8551562428474426,0.9732812643051147,27.177304964539008,16.068684000338713,10.0,103.0,1.5079860612750053,0.773739717900753,0.010920313565293327,0.002509722384274937,0.032528060222961994,0.9294513227246332,0.02168718468670205,0.8551562428474426,0.9732812643051147
596,925691,1832.6472250970894,22,0.9242523401044309,0.030928251716758264,0.8031250238418579,0.9775000214576721,29.0390625,22.860105240814043,7.0,140.0,1.4781885594129562,0.7430647313594818,0.012791906949132681,0.002969040331663564,0.037018814371647245,0.9242523401044309,0.030928251716758264,0.8031250238418579,0.9775000214576721
597,929787,1738.8857163823411,24,0.9275208407074865,0.03628004157555993,0.71875,0.9732812643051147,28.277372262773724,27.65024779841901,8.0,200.0,1.4646596908569336,0.7416235320270061,-0.000650271620543208,0.003812623835983686,0.038713060506577614,0.9275208407074865,0.03628004157555993,0.71875,0.9732812643051147
598,933883,1827.342785525548,27,0.9282035649228259,0.0367717681981811,0.68359375,0.9760937690734863,29.01360544217687,27.423359225639622,8.0,225.0,1.4444055929780006,0.7504309900105,-0.0032235094549832866,0.0034251965989824384,0.038042451044334194,0.9282035649228259,0.0367717681981811,0.68359375,0.9760937690734863
599,937979,1785.1245605603963,29,0.9272732729679786,0.06405351139593365,0.23359374701976776,0.9831249713897705,30.201342281879196,46.900577387406486,10.0,545.0,1.406054750084877,0.7580850049853325,-0.00815588771365583,0.00401082522876095,0.03827940815550908,0.9272732729679786,0.06405351139593365,0.23359374701976776,0.9831249713897705
600,942075,1840.4733656407789,31,0.9341952275484801,0.02745565255318535,0.8129687309265137,0.9732812643051147,27.275,21.87948525445697,9.0,133.0,1.3728080689907074,0.7696433775126934,-0.02191350783687085,0.002895706275012344,0.03622295125459868,0.9341952275484801,0.02745565255318535,0.8129687309265137,0.9732812643051147
601,946171,1867.340753261431,33,0.9407303739834383,0.020602917841407224,0.859375,0.9732812643051147,23.589595375722542,14.135566030545407,9.0,100.0,1.3428402543067932,0.7909315079450607,-0.019395104493014514,0.0026820446946658194,0.029786840434713614,0.9407303739834383,0.020602917841407224,0.859375,0.9732812643051147
602,950267,1850.4620518290578,36,0.9385170572532151,0.02002513289624896,0.8607812523841858,0.9732812643051147,24.347305389221557,15.401970534054632,8.0,99.0,1.3868365436792374,0.787929393351078,-0.00577773885379429,0.0025487328675808385,0.029543324526217312,0.9385170572532151,0.02002513289624896,0.8607812523841858,0.9732812643051147
603,954363,1879.3468906964401,38,0.9391666331205023,0.023284840025916607,0.8115624785423279,0.9747999906539917,24.6144578313253,18.235296982263666,7.0,134.0,1.3924051001667976,0.8048438690602779,-0.0014339901463245042,0.0023849455756135285,0.02983772505117407,0.9391666331205023,0.023284840025916607,0.8115624785423279,0.9747999906539917
604,958459,1859.697343751759,40,0.9365178975590899,0.0215637498201607,0.852400004863739,0.9760937690734863,25.15950920245399,14.05856566192918,10.0,76.0,1.3822683840990067,0.8013785518705845,0.003354549247887917,0.001957464723091107,0.02664138847092354,0.9365178975590899,0.0215637498201607,0.852400004863739,0.9760937690734863
605,962555,1866.4980052329702,42,0.9387136076887449,0.02278705361202524,0.866406261920929,0.9789062738418579,24.75,14.889973456115008,8.0,95.0,1.3591739013791084,0.8057630881667137,-0.004757232738484163,0.0018865464226109907,0.028584364910428033,0.9387136076887449,0.02278705361202524,0.866406261920929,0.9789062738418579
606,966651,1799.2342183021844,44,0.9394996619363974,0.02187105191278635,0.8467187285423279,0.9775000214576721,23.964912280701753,13.626125035087469,8.0,109.0,1.3588739931583405,0.8089254908263683,-0.004895257281532395,0.0022208978625712916,0.024946266146124725,0.9394996619363974,0.02187105191278635,0.8467187285423279,0.9775000214576721
607,970747,1785.1345770004127,47,0.9371354242039335,0.025588525233710153,0.75390625,0.9746875166893005,25.248407643312103,16.834774463067866,9.0,175.0,1.3922659680247307,0.8059599250555038,0.006672424540738575,0.0015914532632450573,0.025340699299486406,0.9371354242039335,0.025588525233710153,0.75390625,0.9746875166893005
608,974843,1838.004770075942,49,0.9344666724556063,0.030099913840033632,0.6868000030517578,0.971875011920929,26.177914110429448,15.993449673503232,10.0,134.0,1.4101482853293419,0.8026967570185661,0.004217196743411478,0.0017556666934979148,0.024633090661441866,0.9344666724556063,0.030099913840033632,0.6868000030517578,0.971875011920929
609,978939,1822.4630769669782,51,0.9358443430601022,0.02318927507241165,0.8270312547683716,0.9789062738418579,25.621794871794872,14.895939452181274,9.0,123.0,1.3756611719727516,0.8016659580171108,0.0018665210373001173,0.0016485464220750146,0.02758941331276552,0.9358443430601022,0.02318927507241165,0.8270312547683716,0.9789062738418579
610,983035,1868.1806059410553,53,0.9380960250329115,0.021274107387460946,0.852400004863739,0.9746875166893005,24.646706586826348,13.413764422404956,8.0,79.0,1.3830217123031616,0.8027324937283993,-0.008864971867296845,0.0016966939874691889,0.02232814638131217,0.9380960250329115,0.021274107387460946,0.852400004863739,0.9746875166893005
611,987131,1862.2443753667203,56,0.9369190887168601,0.02187006620105318,0.8396875262260437,0.9789062738418579,25.049382716049383,16.570016975909333,7.0,114.0,1.4053544998168945,0.7962429486215115,0.004474978406506125,0.002007459530432243,0.031333403509313656,0.9369190887168601,0.02187006620105318,0.8396875262260437,0.9789062738418579
612,991227,1883.6590656387818,58,0.9339459264931613,0.02418873949091936,0.8565624952316284,0.9817187786102295,25.356164383561644,16.21505292783314,9.0,102.0,1.4237662181258202,0.776384599506855,0.007855105577618815,0.002388188506301958,0.030793842231466556,0.9339459264931613,0.02418873949091936,0.8565624952316284,0.9817187786102295
613,995323,1883.6729033014963,60,0.9295916459278056,0.0405513320715007,0.5485937595367432,0.9817187786102295,29.223684210526315,30.544229657563164,8.0,321.0,1.3969082906842232,0.7857900448143482,-0.002241163132566726,0.002287437004270032,0.02894038884041212,0.9295916459278056,0.0405513320715007,0.5485937595367432,0.9817187786102295
614,999419,1852.9644457852235,62,0.9338575662710727,0.024256561884969902,0.848800003528595,0.9760937690734863,25.884615384615383,13.532468807706824,8.0,80.0,1.3888882771134377,0.7857369519770145,-0.0070903085434110835,0.0019149416402797215,0.02254200545791018,0.9338575662710727,0.024256561884969902,0.848800003528595,0.9760937690734863
615,1003515,1879.346685110221,64,0.9369851696990921,0.02553993617552776,0.7693750262260437,0.9746875166893005,25.604790419161677,18.308388864135132,8.0,164.0,1.3866318091750145,0.8014772534370422,-0.010013257444370538,0.0018632203209563158,0.028224973671243977,0.9369851696990921,0.02553993617552776,0.7693750262260437,0.9746875166893005
616,1007611,1868.1804027905912,67,0.9397915213771121,0.0196652808406755,0.8776000142097473,0.9831249713897705,24.473372781065088,13.23035110643311,9.0,78.0,1.345207765698433,0.8103506118059158,-0.007755014725262299,0.0016991102384054102,0.022226724450094007,0.9397915213771121,0.0196652808406755,0.8776000142097473,0.9831249713897705
617,1011707,1881.0576906611016,69,0.9394223823266871,0.020729657492730924,0.8635937571525574,0.9746875166893005,24.16470588235294,12.487496861047505,8.0,97.0,1.384094126522541,0.8146090842783451,-0.0037232922986731865,0.0015471367514692247,0.025177052858400665,0.9394223823266871,0.020729657492730924,0.8635937571525574,0.9746875166893005
618,1015803,1879.3378449453521,71,0.9371617540069248,0.025160937727014703,0.8003125190734863,0.9775000214576721,24.695652173913043,14.913016315640835,10.0,142.0,1.3810889571905136,0.8105960600078106,0.00940808781888336,0.001772463474480901,0.023838399596431043,0.9371617540069248,0.025160937727014703,0.8003125190734863,0.9775000214576721
619,1019899,1881.927246636221,73,0.9383617107357297,0.020994875265455556,0.8704000115394592,0.9775000214576721,24.916666666666668,13.322205177584182,7.0,69.0,1.3950978741049767,0.8083611615002155,-0.0012819781568396138,0.0017364059531246312,0.024564580873874135,0.9383617107357297,0.020994875265455556,0.8704000115394592,0.9775000214576721
620,1023995,1869.033821175183,75,0.9368737692513117,0.021644430765291777,0.852400004863739,0.9746875166893005,25.085365853658537,13.368329172568691,9.0,93.0,1.4072364494204521,0.8059916533529758,-0.0001269087370019406,0.001400010303768795,0.021019816311187354,0.9368737692513117,0.021644430765291777,0.852400004863739,0.9746875166893005
621,1028091,1875.4545865802888,78,0.9394544134052788,0.02118497702825162,0.848800003528595,0.9803125262260437,24.115853658536587,12.601490131709019,8.0,67.0,1.4220375195145607,0.8092862404882908,-0.0018764621345326304,0.0016602341420366429,0.022647966706463116,0.9394544134052788,0.02118497702825162,0.848800003528595,0.9803125262260437
622,1032187,1879.32633229718,80,0.9298786645805514,0.02392856739956923,0.7764062285423279,0.971875011920929,28.013513513513512,17.632504722538936,10.0,159.0,1.447029821574688,0.7901800088584423,0.008893207123037428,0.0016523841404705308,0.024977834119863523,0.9298786645805514,0.02392856739956923,0.7764062285423279,0.971875011920929
623,1036283,1885.403592917413,82,0.9328051392549004,0.024885948767009423,0.848800003528595,0.9789062738418579,26.575163398692812,14.714579853581228,9.0,86.0,1.4442923292517662,0.7899702005088329,0.005798149257316254,0.0018453370794304647,0.025504378398916294,0.9328051392549004,0.024885948767009423,0.848800003528595,0.9789062738418579
624,1040379,1884.5262743136454,84,0.9353864524099562,0.022523140320229486,0.859375,0.9711999893188477,25.88888888888889,15.248153096014814,8.0,100.0,1.4223941341042519,0.8057068102061749,-0.004104070794710424,0.001666747048147954,0.022064176982195698,0.9353864524099562,0.022523140320229486,0.859375,0.9711999893188477
625,1044475,1866.4880688350397,86,0.9362926963836916,0.02149554925903136,0.8343999981880188,0.9775000214576721,25.26451612903226,12.810820738409985,10.0,85.0,1.4189976379275322,0.7950061596930027,-0.00010809864397742786,0.0017383965532644652,0.023184163716913262,0.9362926963836916,0.02149554925903136,0.8343999981880188,0.9775000214576721
626,1048571,1888.8614469998263,89,0.9337090013863204,0.0244928893149018,0.8452000021934509,0.9732812643051147,26.77922077922078,16.77747668954243,9.0,110.0,1.4131924882531166,0.793145440518856,-0.0008980763741419651,0.0017469984231865965,0.024737153284058844,0.9337090013863204,0.0244928893149018,0.8452000021934509,0.9732812643051147
627,1052667,1874.1748395893758,91,0.9358521522897663,0.02784260129505048,0.7749999761581421,0.9803125262260437,25.496969696969696,18.72823965337461,8.0,160.0,1.3839251175522804,0.8012328594923019,0.00041897749906638637,0.0020440219013835303,0.02962733481095697,0.9358521522897663,0.02784260129505048,0.7749999761581421,0.9803125262260437
628,1056763,1880.1996380095648,93,0.938789484730686,0.021487553827383935,0.848800003528595,0.9747999906539917,24.487951807228917,15.027981111474492,7.0,89.0,1.380984514951706,0.804326768964529,0.002826481133524794,0.0019126644619973376,0.02716068644649488,0.938789484730686,0.021487553827383935,0.848800003528595,0.9747999906539917
629,1060859,1872.4622449118613,95,0.9429612246791969,0.020982133436303743,0.8560000061988831,0.9760937690734863,22.910112359550563,14.943068326103955,8.0,100.0,1.3834862634539604,0.8140617348253727,-0.007543729749158956,0.0018009211780736223,0.026389452148711082,0.9429612246791969,0.020982133436303743,0.8560000061988831,0.9760937690734863
630,1064955,1864.7886774553147,16,0.9401244578209329,0.01777966205911625,0.8632000088691711,0.9775000214576721,19.606382978723403,6.836569509764232,9.0,47.0,1.3602552264928818,0.8390797860920429,-0.005627889957395382,0.0009874800816760398,0.019437634458667773,0.9401244578209329,0.01777966205911625,0.8632000088691711,0.9775000214576721
631,1069051,1831.0100414293156,18,0.9366149923205376,0.020762156855764442,0.8704000115394592,0.9775000214576721,20.745,7.274611673484709,9.0,51.0,1.3802189379930496,0.842537771910429,0.005291436536936089,0.0009945324090949725,0.016431144483203618,0.9366149923205376,0.020762156855764442,0.8704000115394592,0.9775000214576721
632,1073147,1837.1908415232247,20,0.9371883158151268,0.020691971080256735,0.8704000115394592,0.9747999906539917,20.604060913705585,7.344018164351174,7.0,50.0,1.3745846524834633,0.8380806185305119,0.0053126807761145756,0.0010155163981835358,0.017371623974358884,0.9371883158151268,0.020691971080256735,0.8704000115394592,0.9747999906539917
633,1077243,1854.6427452635269,22,0.9347188703867854,0.02105706570257534,0.8500000238418579,0.9750000238418579,21.418367346938776,8.150276656613684,7.0,60.0,1.3785144463181496,0.8338924124836922,0.0013672232385033567,0.001004684847430326,0.018235596301672853,0.9347188703867854,0.02105706570257534,0.8500000238418579,0.9750000238418579
634,1081339,1871.606101264466,24,0.933513730109393,0.021719925528294503,0.852400004863739,0.9700000286102295,21.807692307692307,7.923490333821365,9.0,53.0,1.4054820090532303,0.8288349770009518,0.0012445305255823769,0.0010717384720919654,0.02015868347334644,0.933513730109393,0.021719925528294503,0.852400004863739,0.9700000286102295
635,1085435,1844.6387051096021,27,0.931541075577607,0.02406999527156533,0.848800003528595,0.9775000214576721,22.36756756756757,8.51866167810268,9.0,52.0,1.4062499329447746,0.821223072707653,0.003657017670775531,0.0014286763544077985,0.021203561423723663,0.931541075577607,0.02406999527156533,0.848800003528595,0.9775000214576721
636,1089531,1865.6379861555142,29,0.9321236514276073,0.026403773240646883,0.7549999952316284,0.9725000262260437,22.301075268817204,9.654554829267058,9.0,98.0,1.3341157734394073,0.8266641199588776,-0.0023141047968238126,0.0012953951809322461,0.019149439673993,0.9321236514276073,0.026403773240646883,0.7549999952316284,0.9725000262260437
637,1093627,1859.6961358943788,31,0.9362810186850719,0.021479902879514824,0.8560000061988831,0.9800000190734863,20.902564102564103,7.839789609274328,8.0,48.0,1.3306976556777954,0.8281625509262085,-0.007724928087554872,0.0010680198247428052,0.015740218833093934,0.9362810186850719,0.021479902879514824,0.8560000061988831,0.9800000190734863
638,1097723,1857.1767438190027,33,0.9386970494307724,0.020458984164598886,0.8776000142097473,0.9725000262260437,20.09313725490196,7.306064628355687,8.0,46.0,1.3536812290549278,0.8396600782871246,-0.004641641819034703,0.0009383938486280385,0.016322846548166715,0.9386970494307724,0.020458984164598886,0.8776000142097473,0.9725000262260437
639,1101819,1858.447648277775,36,0.9368609050808824,0.021169481189860957,0.8596000075340271,0.9775000214576721,20.746192893401016,7.424513398972562,9.0,48.0,1.3455211222171783,0.8389451764523983,0.00042570249206619337,0.0009757758343766909,0.01602760301025856,0.9368609050808824,0.021169481189860957,0.8596000075340271,0.9775000214576721
640,1105915,1850.4524847468454,38,0.9377218182316891,0.020214444749217558,0.8704000115394592,0.9750000238418579,20.370558375634516,7.349142440589549,9.0,49.0,1.3841286227107048,0.8373066149652004,0.0009577800174156437,0.0010315254658053163,0.01818649296379845,0.9377218182316891,0.020214444749217558,0.8704000115394592,0.9750000238418579
641,1110011,1855.4946587699899,40,0.932022452991914,0.022265582744113985,0.8632000088691711,0.9675999879837036,22.336898395721924,8.032612470879174,9.0,50.0,1.419422596693039,0.8307153098285198,0.005693714716471732,0.0010703939806262497,0.017257405867315948,0.932022452991914,0.022265582744113985,0.8632000088691711,0.9675999879837036
642,1114107,1869.043378020274,42,0.9338536780131491,0.021538207936494694,0.8560000061988831,0.9750000238418579,21.6,7.307386313644716,8.0,57.0,1.4127707704901695,0.8291794806718826,0.0007610074262629496,0.00115848649511463,0.017691244204644775,0.9338536780131491,0.021538207936494694,0.8560000061988831,0.9750000238418579
643,1118203,1881.9278650899394,44,0.9338085955830031,0.028093603710719634,0.8199999928474426,0.9750000238418579,21.731182795698924,9.94678289693928,7.0,72.0,1.4011199548840523,0.8247719891369343,0.0023726562576484866,0.0011875703930854797,0.017931300462879607,0.9338085955830031,0.028093603710719634,0.8199999928474426,0.9750000238418579
644,1122299,1847.9582577686906,47,0.9312874257890253,0.02229546349964392,0.848800003528595,0.9700000286102295,22.48633879781421,7.657888481461822,10.0,49.0,1.3639769777655602,0.8244846202433109,-0.00022609919324168004,0.0011646681959973648,0.016047083060418087,0.9312874257890253,0.02229546349964392,0.848800003528595,0.9700000286102295
645,1126395,1857.1669064174253,49,0.9363642754603405,0.02132193828997353,0.8379999995231628,0.9711999893188477,20.928571428571427,7.823629827226579,8.0,49.0,1.3311433792114258,0.8307339176535606,-0.009244020446203649,0.001093147999199573,0.015552754468560494,0.9363642754603405,0.02132193828997353,0.8379999995231628,0.9711999893188477
646,1130491,1843.7878241249132,51,0.9388543613327359,0.019028881823759745,0.8704000115394592,0.9750000238418579,20.058252427184467,6.769183804061884,8.0,48.0,1.338163584470749,0.8402950130403042,-0.007944865326862782,0.0009435802821826655,0.015344971280552082,0.9388543613327359,0.019028881823759745,0.8704000115394592,0.9750000238418579
647,1134587,1855.4938571669265,53,0.9404881415773907,0.01913155414235438,0.8450000286102295,0.9725000262260437,19.488151658767773,6.991775933685049,8.0,62.0,1.338007315993309,0.8448942340910435,-0.002044125852989964,0.0009333661801065318,0.01598537573981429,0.9404881415773907,0.01913155414235438,0.8450000286102295,0.9725000262260437
648,1138683,1875.4556102585802,55,0.9355304035329327,0.02176520239882273,0.8550000190734863,0.9711999893188477,21.170103092783506,7.890809804501385,8.0,58.0,1.3575442507863045,0.83637435734272,0.0034802619120455347,0.0010266614808642771,0.016706443733506722,0.9355304035329327,0.02176520239882273,0.8550000190734863,0.9711999893188477
649,1142779,1871.606101264466,58,0.9364576440076439,0.018567347424469173,0.8575000166893005,0.9775000214576721,20.785714285714285,7.279058584566484,8.0,57.0,1.3859588280320168,0.8364185281097889,-0.004352268108050339,0.0008813779095362406,0.013614693532514266,0.9364576440076439,0.018567347424469173,0.8575000166893005,0.9775000214576721
650,1146875,1868.1909666733072,60,0.9376802956215059,0.020234354929927537,0.8776000142097473,0.9750000238418579,20.454545454545453,7.313710284576616,9.0,44.0,1.3607184514403343,0.835945650935173,-0.001029538334478275,0.0009764101268956438,0.01423171660203958,0.9376802956215059,0.020234354929927537,0.8776000142097473,0.9750000238418579
651,1150971,1855.5042780607737,62,0.9369238487960119,0.022875317063323592,0.8163999915122986,0.9750000238418579,20.741116751269036,8.238758516917141,8.0,51.0,1.3318476602435112,0.8370044939219952,0.000777211042077397,0.001177416452264879,0.016765501354885182,0.9369238487960119,0.022875317063323592,0.8163999915122986,0.9750000238418579
652,1155067,1838.8202073965233,64,0.9400157031558809,0.019384157995525664,0.8199999928474426,0.9711999893188477,19.6,6.782470402582289,8.0,50.0,1.3255957663059235,0.844695407897234,-0.005155904051207472,0.0009047968742379453,0.013055173006185795,0.9400157031558809,0.019384157995525664,0.8199999928474426,0.9711999893188477
653,1159163,1864.3570294771416,67,0.9373659908771514,0.017960709487392007,0.8899999856948853,0.9700000286102295,20.57,6.664465469938306,10.0,44.0,1.3915778622031212,0.8402988389134407,-0.0008631546297692694,0.000892302854481386,0.014733073594601865,0.9373659908771514,0.017960709487392007,0.8899999856948853,0.9700000286102295
654,1163259,1861.3975479205171,69,0.9365645067025257,0.0221011027524454,0.852400004863739,0.9725000262260437,20.903225806451612,7.536384170699255,8.0,56.0,1.4203002229332924,0.8356236554682255,0.009151109668891877,0.0010771489833132364,0.018674056626400617,0.9365645067025257,0.0221011027524454,0.852400004863739,0.9725000262260437
655,1167355,1833.888878937754,71,0.9316835026157663,0.046022830247448875,0.36640000343322754,0.9750000238418579,22.27127659574468,13.364999720136154,10.0,176.0,1.4432577416300774,0.8294819220900536,0.009704177704406902,0.0016699409825378098,0.02174210700940861,0.9316835026157663,0.046022830247448875,0.36640000343322754,0.9750000238418579
656,1171451,1892.362648618515,73,0.9253726161661602,0.025851934691024873,0.8307999968528748,0.9700000286102295,24.523809523809526,9.06192478039978,10.0,59.0,1.4175940975546837,0.8147660307586193,0.004546417017991189,0.0013260826817713678,0.018571111671317198,0.9253726161661602,0.025851934691024873,0.8307999968528748,0.9700000286102295
657,1175547,1869.0437846967013,75,0.9336698348560031,0.020633846094670782,0.8700000047683716,0.9700000286102295,21.703703703703702,7.949379333333161,10.0,52.0,1.38445495814085,0.8216271474957466,-0.008508967817761004,0.0012386404996505007,0.01798139747863267,0.9336698348560031,0.020633846094670782,0.8700000047683716,0.9700000286102295
658,1179643,1886.6852580890873,78,0.9341589673971519,0.022629787091255845,0.8416000008583069,0.9747999906539917,21.564102564102566,8.287757024810821,7.0,48.0,1.3269867449998856,0.8298112824559212,-0.008251369086792693,0.0012405112065607682,0.01883647103166989,0.9341589673971519,0.022629787091255845,0.8416000008583069,0.9747999906539917
659,1183739,1890.6162524905317,80,0.9350057805839338,0.022848064164591272,0.848800003528595,0.9775000214576721,21.36842105263158,8.585241475412076,8.0,54.0,1.3460924178361893,0.8287873491644859,-0.0036836868603131734,0.0011182229354744777,0.01581452106729133,0.9350057805839338,0.022848064164591272,0.848800003528595,0.9775000214576721
660,1187835,1847.9580589924765,82,0.9387395132155646,0.0187087259700399,0.8740000128746033,0.9750000238418579,19.995238095238093,6.399775010217617,8.0,47.0,1.3863108903169632,0.843652430921793,-0.005395731830503792,0.0008259970272774808,0.01389339473832181,0.9387395132155646,0.0187087259700399,0.8740000128746033,0.9750000238418579
661,1191931,1849.6255054748472,84,0.9368067610388001,0.01880118689901833,0.8848000168800354,0.9750000238418579,20.703125,6.773907555296893,9.0,42.0,1.4197225272655487,0.8401984572410583,0.004824541538255289,0.000942270562518388,0.016123254932456577,0.9368067610388001,0.01880118689901833,0.8848000168800354,0.9750000238418579
662,1196027,1882.7848138111099,86,0.9326438428883884,0.023761588136653966,0.8416000008583069,0.9725000262260437,22.18716577540107,8.072018480002537,9.0,46.0,1.364866964519024,0.8289028331637383,0.004774764347530436,0.0011413882311899215,0.01894342200488203,0.9326438428883884,0.023761588136653966,0.8416000008583069,0.9725000262260437
663,1200123,1877.6137537675513,89,0.9355083703994751,0.02321233620787256,0.8475000262260437,0.9725000262260437,21.099476439790575,8.335601420100724,8.0,61.0,1.378799431025982,0.8342439122498035,-0.00020740583386213984,0.0010980981423927005,0.017673286058615893,0.9355083703994751,0.02321233620787256,0.8475000262260437,0.9725000262260437
664,1204219,1862.2445772282392,91,0.936256622781559,0.019483126675641817,0.8848000168800354,0.9711999893188477,20.857142857142858,6.959063976467771,8.0,43.0,1.3894797638058662,0.832505326718092,-0.003622386349888984,0.0009391746680194046,0.015627666114404574,0.936256622781559,0.019483126675641817,0.8848000168800354,0.9711999893188477
665,1208315,1884.5258608717895,93,0.9361729913949967,0.02168546051655602,0.8416000008583069,0.9775000214576721,20.99,7.739502567994922,8.0,45.0,1.3926851823925972,0.8413549736142159,0.0012458565688575618,0.0009040506010933314,0.013611000794845016,0.9361729913949967,0.02168546051655602,0.8416000008583069,0.9775000214576721
666,1212411,1885.383729431547,95,0.9365247397711782,0.018939083492766115,0.875,0.9700000286102295,20.843434343434343,7.149961667145413,9.0,50.0,1.3904265984892845,0.8366805240511894,0.0006104989497544011,0.000983756130153779,0.01669539031008067,0.9365247397711782,0.018939083492766115,0.875,0.9700000286102295
