update,framesToTrain,FPS,duration,rreturn_mean,rreturn_std,rreturn_min,rreturn_max,num_frames_mean,num_frames_std,num_frames_min,num_frames_max,entropy,value,policy_loss,value_loss,grad_norm,return_mean,return_std,return_min,return_max
1,6144,1157.8504442122335,5,0.0,0.0,0,0,0.0,0.0,0,0,1.7878082642952602,0.17992621784408888,0.02031123260288344,0.026290211904173095,0.16040796459178572,0.0,0.0,0,0
update,framesToTrain,FPS,duration,rreturn_mean,rreturn_std,rreturn_min,rreturn_max,num_frames_mean,num_frames_std,num_frames_min,num_frames_max,entropy,value,policy_loss,value_loss,grad_norm,return_mean,return_std,return_min,return_max
2,12288,1225.037998144317,10,0.0,0.0,0,0,0.0,0.0,0,0,1.7932488024234772,0.1821235033373038,0.02656326035503298,0.005952339464177688,0.08260021560178528,0.0,0.0,0,0
3,18432,1244.9349566532762,15,0.0,0.0,0,0,0.0,0.0,0,0,1.8463186224301655,0.16943352296948433,0.027667436593522627,0.0010370032347661133,0.02858763562549384,0.0,0.0,0,0
4,24576,1343.5909195920144,20,0.0,0.0,0,0,0.0,0.0,0,0,1.905104582508405,0.14841679545740286,0.023483144662653405,0.0005100151659765592,0.025596800937637762,0.0,0.0,0,0
5,30720,1209.1553310502004,25,0.0,0.0,0.0,0.0,320.0,320.0,0.0,640.0,1.9233871002991993,0.11853078007698059,0.0318388380886366,0.0005591990884568077,0.022801028777775175,0.0,0.0,0.0,0.0
6,36864,1227.0180565866754,30,0.0,0.0,0.0,0.0,320.0,320.0,0.0,640.0,1.9352665146191914,0.10293415157745282,0.01745096392308672,0.00010906209809036227,0.010024632942958989,0.0,0.0,0.0,0.0
7,43008,1245.592963607721,35,0.0,0.0,0.0,0.0,320.0,320.0,0.0,640.0,1.93809778491656,0.08732839301228523,0.015235333431822559,6.414751821163615e-05,0.009451805282971315,0.0,0.0,0.0,0.0
8,49152,1212.9001301159465,40,0.0,0.0,0.0,0.0,320.0,320.0,0.0,640.0,1.9407372971375783,0.07592187977085511,0.013150699630690118,5.369527995450577e-05,0.006902614753985083,0.0,0.0,0.0,0.0
9,55296,1201.0977182698282,45,0.0,0.0,0.0,0.0,320.0,320.0,0.0,640.0,1.9406383484601974,0.06496232716987531,0.011355954067160686,4.102118721978817e-05,0.006324874657831411,0.0,0.0,0.0,0.0
10,61439,1146.4448162348856,5,0.0,0.0,0,0,0.0,0.0,0,0,1.9420734296242397,0.0540826553478837,0.009369090936767558,3.8924457233709596e-05,0.006889110987862765,0.0,0.0,0,0
11,67583,1196.06442960845,10,0.017643229415019352,0.12095588690500844,0.0,0.846875011920929,5.104166666666667,34.992403689547,0.0,245.0,1.9405670513709385,0.04817323122794429,0.005647825921187177,0.0006742409714206588,0.018650497494900897,0.017643229415019352,0.12095588690500844,0.0,0.846875011920929
12,73727,1255.614374842773,15,0.017643229415019352,0.12095588690500844,0.0,0.846875011920929,5.104166666666667,34.992403689547,0.0,245.0,1.9429028282562892,0.04030838112036387,0.006691512962182363,0.0001100470282532721,0.008185185585114996,0.017643229415019352,0.12095588690500844,0.0,0.846875011920929
13,79871,1291.0705223459606,20,0.06592447931567828,0.21958942357969138,0.0,0.8668749928474426,27.854166666666668,97.93854143954542,0.0,494.0,1.9406600296497345,0.040896164098133646,0.0017177404151880182,0.0009653048048979448,0.01861104290911232,0.06592447931567828,0.21958942357969138,0.0,0.8668749928474426
14,86015,1341.6807882291475,25,0.09302083402872086,0.2480990677579774,0.0,0.8668749928474426,51.166666666666664,144.37008769901826,0.0,594.0,1.9398196190595627,0.038601846201345325,0.003765866039126801,0.0006549638953098716,0.02210072070418148,0.09302083402872086,0.2480990677579774,0.0,0.8668749928474426
15,92159,1300.958641467759,29,0.12832031274835268,0.27147339746312255,0.0,0.8668749928474426,94.6875,211.7873497412361,0.0,725.0,1.9396795084079106,0.03518304221021632,0.0016013936862388316,0.0006318005131712804,0.01767750837942457,0.12832031274835268,0.27147339746312255,0.0,0.8668749928474426
16,98303,1287.2506951056828,34,0.15428385386864343,0.28875183113967084,0.0,0.8668749928474426,119.8125,238.24774013006575,0.0,830.0,1.9347808609406154,0.03171654464676976,0.0022448144961041785,0.0007938992669854391,0.020170606024952416,0.15428385386864343,0.28875183113967084,0.0,0.8668749928474426
17,104447,1245.2759984633265,39,0.17294270793596903,0.30656693136723695,0.0,0.8956249952316284,123.29166666666667,237.69141044055888,0.0,830.0,1.9385901143153508,0.02818793624949952,0.002173421836535757,0.000589364593300464,0.022249387751314496,0.17294270793596903,0.30656693136723695,0.0,0.8956249952316284
18,110591,1252.3485371320523,44,0.17294270793596903,0.30656693136723695,0.0,0.8956249952316284,123.29166666666667,237.69141044055888,0.0,830.0,1.9383082141478856,0.019515794740679365,0.0018890916993162439,0.0002741233000354744,0.012891146938285594,0.17294270793596903,0.30656693136723695,0.0,0.8956249952316284
19,116734,1013.0257858498286,6,0.0,0.0,0,0,0.0,0.0,0,0,1.9422269860903423,0.017481628339737654,0.0022994424871285446,6.301085560759627e-05,0.004852882556155638,0.0,0.0,0,0
20,122878,981.168681542546,12,0.019140624751647312,0.13122151213318098,0.0,0.918749988079071,2.7083333333333335,18.56739787608616,0.0,130.0,1.9432606200377147,0.01535672772054871,0.0020793431952673322,9.261881299001591e-05,0.0070902948240272766,0.019140624751647312,0.13122151213318098,0.0,0.918749988079071
21,129022,1129.1036582010267,18,0.06950520848234494,0.2311037674025,0.0,0.918749988079071,22.125,77.91892822029831,0.0,370.0,1.938285564382871,0.019602071726694703,-0.00420506093117486,0.0015549424751952756,0.03571930031122248,0.06950520848234494,0.2311037674025,0.0,0.918749988079071
22,135166,1087.0825004454668,23,0.11335937430461247,0.2760426073458583,0.0,0.918749988079071,51.958333333333336,134.91231076970783,0.0,509.0,1.9357495506604512,0.01497323679359397,-0.004215200611118537,0.0015432282355808031,0.024274228069110757,0.11335937430461247,0.2760426073458583,0.0,0.918749988079071
23,141310,1174.7408006541766,29,0.18350260456403097,0.3222101498684788,0.0,0.918749988079071,106.39583333333333,202.79944316813484,0.0,633.0,1.9354777385791142,0.02582196817578127,-0.005106582604639698,0.001421787150320597,0.028305138710970262,0.18350260456403097,0.3222101498684788,0.0,0.918749988079071
24,147454,1189.4383429377633,34,0.2254036453862985,0.3416716392426016,0.0,0.9206249713897705,139.35416666666666,235.44067631990066,0.0,747.0,1.9341157774130504,0.026562122395262122,-0.0013805310033300582,0.001422359423789506,0.027565009198367216,0.2254036453862985,0.3416716392426016,0.0,0.9206249713897705
25,153598,1155.3720355873436,39,0.23566406220197678,0.3421432705135836,0.0,0.9206249713897705,156.27083333333334,253.31335498937324,0.0,812.0,1.9395920187234879,0.026771863767256338,0.003371506621382044,0.00032474271044217556,0.00803150324740808,0.23566406220197678,0.3421432705135836,0.0,0.9206249713897705
26,159742,1085.9863197552404,45,0.25976562437911827,0.3466027590748991,0.0,0.9206249713897705,184.375,276.20950872179134,0.0,931.0,1.9382769167423248,0.02651763296065231,0.0012582577395126766,0.0006343654191975171,0.012595951262250904,0.25976562437911827,0.3466027590748991,0.0,0.9206249713897705
27,165886,1098.6864000261946,50,0.321861977999409,0.34764821801130186,0.0,0.9206249713897705,285.0208333333333,354.16536212995044,0.0,1152.0,1.9317295253276825,0.03628899195852379,-0.0029269421781161022,0.002026345677829037,0.02131075860629482,0.321861977999409,0.34764821801130186,0.0,0.9206249713897705
28,172029,927.9581321691793,6,0.019596354415019352,0.13434583729641672,0.0,0.940625011920929,1.9791666666666667,13.568483063293733,0.0,95.0,1.9385864088932674,0.03056018939241767,0.0012214834914630046,0.00042175733779004076,0.010735295231316949,0.019596354415019352,0.13434583729641672,0.0,0.940625011920929
29,178173,1037.0660688956768,12,0.05718750009934107,0.22162254619001986,0.0,0.940625011920929,8.5,35.19055270949861,0.0,206.0,1.933210328221321,0.03037205501459539,9.588452909762661e-05,0.0009746882830465134,0.017902324905032917,0.05718750009934107,0.22162254619001986,0.0,0.940625011920929
30,184317,1159.4864770316667,18,0.1379427077869574,0.30979942267883814,0.0,0.940625011920929,45.958333333333336,112.68428578949636,0.0,382.0,1.9206010450919468,0.04917820651705066,-0.007048386968866301,0.0033941445872187614,0.03274662786612965,0.1379427077869574,0.30979942267883814,0.0,0.940625011920929
31,190461,1091.846735582196,23,0.25403645758827526,0.38057462205529186,0.0,0.9524999856948853,93.54166666666667,163.01686496767408,0.0,510.0,1.92119366923968,0.057491530353824295,-0.007991066939818362,0.003408413079644864,0.038099492743090844,0.25403645758827526,0.38057462205529186,0.0,0.9524999856948853
32,196605,1047.3305902844047,29,0.42766927058498067,0.4182149241595046,0.0,0.9706249833106995,149.0625,193.46095711301373,0.0,599.0,1.9127998451391857,0.07590158702805638,-0.009692261044013625,0.004667850579911222,0.03855346562094014,0.42766927058498067,0.4182149241595046,0.0,0.9706249833106995
33,202749,1012.519256518383,35,0.5950520833333334,0.37890378776470757,0.0,0.9706249833106995,214.58333333333334,218.9770567636913,0.0,725.0,1.9041047443946202,0.08782559415946405,-0.0024879410824117563,0.005351776596702014,0.04098174644841918,0.5950520833333334,0.37890378776470757,0.0,0.9706249833106995
34,208893,1033.3715704845179,41,0.7301562509189049,0.24564403508267071,0.0,0.9706249833106995,331.75,266.1257926244655,0.0,877.0,1.900509998202324,0.08505545401324828,-0.0018910153206282605,0.0037141778787675626,0.04050927401989567,0.7301562509189049,0.24564403508267071,0.0,0.9706249833106995
35,215037,1064.8666045455316,47,0.774322917064031,0.18189204130175604,0.38999998569488525,0.9743750095367432,361.0833333333333,291.0272634231294,41.0,976.0,1.8991601367791493,0.10538374446332455,-0.0028724211721661654,0.004682273972624292,0.04290571278064148,0.774322917064031,0.18189204130175604,0.38999998569488525,0.9743750095367432
36,221181,1098.4089774753263,53,0.7606250004221996,0.20703398310301338,0.3162499964237213,0.9781249761581421,383.0,331.25437104034313,35.0,1094.0,1.852842112382253,0.14459881310661635,-0.010012095110141672,0.007994027206829438,0.06900308460469387,0.7606250004221996,0.20703398310301338,0.3162499964237213,0.9781249761581421
37,227324,990.4168570616971,6,0.07920572906732559,0.26274092147975614,0.0,0.9793750047683716,6.604166666666667,23.25111071122314,0.0,99.0,1.8909517427285512,0.10332852384696405,0.005268964338029036,0.0029985126748215407,0.03572289020616808,0.07920572906732559,0.26274092147975614,0.0,0.9793750047683716
38,233468,1034.267538192536,12,0.3402864560484886,0.44006352389299086,0.0,0.9793750047683716,55.541666666666664,82.71914287045183,0.0,255.0,1.8607978373765945,0.13929373491555452,-0.00810692589827037,0.008103038261954984,0.056724153948703226,0.3402864560484886,0.44006352389299086,0.0,0.9793750047683716
39,239612,1138.708815268518,17,0.6373307270308336,0.39220517204393024,0.0,0.9793750047683716,146.9375,124.82794930256338,0.0,384.0,1.8413560340801876,0.14874138620992503,-0.013459435276066264,0.008045774438263228,0.060218693908522115,0.6373307270308336,0.39220517204393024,0.0,0.9793750047683716
40,245756,1083.5181828307268,23,0.8548177070915699,0.08081332375558144,0.6850000023841858,0.9831249713897705,232.29166666666666,129.30132094152103,27.0,504.0,1.8066228330135345,0.19209523436923823,-0.014668958353771208,0.00943551784924542,0.07573129029567958,0.8548177070915699,0.08081332375558144,0.6850000023841858,0.9831249713897705
41,251900,1048.2589119160489,29,0.8349348952372869,0.10591469484494138,0.6043750047683716,0.9831249713897705,264.1041666666667,169.46352109713433,27.0,633.0,1.787827546397845,0.1926921233534813,0.0020728301727406992,0.006058475177269429,0.05311295697108046,0.8349348952372869,0.10591469484494138,0.6043750047683716,0.9831249713897705
42,258044,1103.9867366357682,35,0.8381640600661436,0.1262555012376487,0.5699999928474426,0.9850000143051147,258.9375,202.00880820833035,24.0,688.0,1.7763773600260417,0.2327328429867824,-0.027705087869738538,0.010843941534403712,0.06938419363019735,0.8381640600661436,0.1262555012376487,0.5699999928474426,0.9850000143051147
43,264188,1240.9377041639773,39,0.8884244784712791,0.10673335104566171,0.4724999964237213,0.987500011920929,178.52083333333334,170.77336218696078,20.0,844.0,1.78304989139239,0.25015158268312615,-0.018163927612476982,0.010652656337091079,0.09314297029066065,0.8884244784712791,0.10673335104566171,0.4724999964237213,0.987500011920929
44,270332,1116.2941669352017,45,0.8732031242301067,0.1386659013107227,0.36375001072883606,0.9862499833106995,202.875,221.86544580368223,22.0,1018.0,1.7586151709159215,0.2936575189232826,-0.01954769904841669,0.011700782886085411,0.08375687016334309,0.8732031242301067,0.1386659013107227,0.36375001072883606,0.9862499833106995
45,276476,1155.690073582634,50,0.8837499991059303,0.14678171742359752,0.3125,0.9800000190734863,186.0,234.85075047783008,32.0,1100.0,1.736230696241061,0.34584649776419,-0.02380106788283835,0.011600674556878706,0.09310994931200545,0.8837499991059303,0.14678171742359752,0.3125,0.9800000190734863
46,282619,922.9509446942237,7,0.7581901053587595,0.38924506830622574,0.0,0.9850000143051147,53.5625,36.825549469763516,0.0,127.0,1.7050105730692546,0.3705851385990779,-0.02729765116237104,0.010617196870346865,0.08840299865441514,0.7581901053587595,0.38924506830622574,0.0,0.9850000143051147
47,288763,1042.809571972173,12,0.9410076554940672,0.03299993727220282,0.8456249833106995,0.9850000143051147,94.38775510204081,52.799898085295354,24.0,247.0,1.6921707540750504,0.4030715649326642,-0.02631079494797935,0.010942197560022274,0.09273895198483939,0.9410076554940672,0.03299993727220282,0.8456249833106995,0.9850000143051147
48,294907,1102.5899884580156,18,0.9305902807800858,0.048747690904649706,0.7956249713897705,0.9893749952316284,111.05555555555556,77.99630016549615,17.0,327.0,1.7027874787648518,0.4152856233219306,-0.02262288851973911,0.010336706570039192,0.09305241276649621,0.9305902807800858,0.048747690904649706,0.7956249713897705,0.9893749952316284
49,301051,1156.9086615677,23,0.9187395830949148,0.061628663275272416,0.7425000071525574,0.9856250286102295,130.01666666666668,98.60586386665292,23.0,412.0,1.680876428882281,0.4512249541779359,-0.025581884236695867,0.011542480438947678,0.10968658739436972,0.9187395830949148,0.061628663275272416,0.7425000071525574,0.9856250286102295
50,307195,1078.9730449797435,29,0.9366635995752671,0.048005795920756836,0.7456250190734863,0.9837499856948853,101.33823529411765,76.8092768397836,26.0,407.0,1.6281225631634395,0.48573511093854904,-0.036979207691426076,0.01107355645702531,0.10861868929356362,0.9366635995752671,0.048005795920756836,0.7456250190734863,0.9837499856948853
51,313339,1015.4761707658538,35,0.948825003306071,0.028984545653059676,0.8712499737739563,0.9906250238418579,81.88,46.375269271455444,15.0,206.0,1.5992990086476009,0.4987013166149457,-0.03753077727742493,0.010251533201274773,0.11150067568280014,0.948825003306071,0.028984545653059676,0.8712499737739563,0.9906250238418579
52,319483,1069.787577093685,41,0.9530774484510007,0.03422549262400615,0.8031250238418579,0.9900000095367432,75.07608695652173,54.760790815829594,16.0,315.0,1.549167240659396,0.5488412405053774,-0.05043350486084819,0.0104180125053972,0.11214879101883961,0.9530774484510007,0.03422549262400615,0.8031250238418579,0.9900000095367432
53,325627,1081.3101389353542,47,0.9606179769119519,0.026553308430851828,0.859375,0.9900000095367432,63.01123595505618,42.48529008672665,16.0,225.0,1.5637262463569641,0.5935059984525045,-0.026462464748571318,0.009896269397965321,0.11417515132744445,0.9606179769119519,0.026553308430851828,0.859375,0.9900000095367432
54,331771,1060.3562839055824,52,0.9582575752277567,0.03339923106590129,0.734375,0.9918749928474426,66.78787878787878,53.438773183324884,13.0,425.0,1.5312054951985676,0.6415629610419273,-0.017008371942210943,0.009038160147611052,0.09416881853671431,0.9582575752277567,0.03339923106590129,0.734375,0.9918749928474426
55,337914,958.4224037349971,6,0.9673350676894188,0.01525641580336438,0.9206249713897705,0.9881250262260437,52.263888888888886,24.410262559216292,19.0,127.0,1.5096526890993118,0.6250479171673456,-0.0012301964306971058,0.0072627833966786666,0.07916272428097802,0.9673350676894188,0.01525641580336438,0.9206249713897705,0.9881250262260437
56,344058,944.276585957947,13,0.9588736230200463,0.025522900989483698,0.8650000095367432,0.9912499785423279,65.8021978021978,40.83664045879477,14.0,216.0,1.5091540813446045,0.6239900415142378,-0.008141183119732887,0.007146220130380243,0.08603838360053505,0.9588736230200463,0.025522900989483698,0.8650000095367432,0.9912499785423279
57,350202,1147.4856592589083,18,0.9543410358221635,0.03128128875389239,0.8374999761581421,0.9887499809265137,73.05434782608695,50.05005410465625,18.0,260.0,1.5217214872439702,0.6338949650526047,-0.011197348115577673,0.006764790664116542,0.07659222928228578,0.9543410358221635,0.03128128875389239,0.8374999761581421,0.9887499809265137
58,356346,1196.7385758312416,23,0.9627963937434953,0.023573354374780704,0.8518750071525574,0.9900000095367432,59.52577319587629,37.71736803127031,16.0,237.0,1.5023906926314037,0.6513549263278643,-0.009397638282583406,0.006745279727814098,0.08196875316235712,0.9627963937434953,0.023573354374780704,0.8518750071525574,0.9900000095367432
59,362490,1161.5383453456034,29,0.9587002830071882,0.0322672822371301,0.784375011920929,0.9893749952316284,66.07954545454545,51.62764886246628,17.0,345.0,1.4951246579488118,0.676866335173448,0.0032292287554203845,0.005897424843472739,0.06991108527459979,0.9587002830071882,0.0322672822371301,0.784375011920929,0.9893749952316284
60,368634,1117.3613774530106,34,0.9592738083430699,0.03615752979631748,0.7406250238418579,0.9918749928474426,65.16190476190476,57.85204837457172,13.0,415.0,1.4804890702168148,0.6938034569223722,0.005127188764163293,0.005448256037198007,0.06873859921935732,0.9592738083430699,0.03615752979631748,0.7406250238418579,0.9918749928474426
61,374778,1058.2903440229547,40,0.9632912252811675,0.02107546541796917,0.8475000262260437,0.987500011920929,58.734042553191486,33.72074793216444,20.0,244.0,1.516009623805682,0.6621203497052193,0.007549778446749163,0.00509456597501412,0.06573303628883857,0.9632912252811675,0.02107546541796917,0.8475000262260437,0.987500011920929
62,380922,1121.7953780024307,45,0.9573749987702621,0.034313713067742634,0.7724999785423279,0.9906250238418579,68.2,54.901941294409056,15.0,364.0,1.491008460521698,0.6724802429477373,0.002101023516540105,0.006238285704360654,0.07723564611555432,0.9573749987702621,0.034313713067742634,0.7724999785423279,0.9906250238418579
63,387066,1135.6999338935634,51,0.9603898507533687,0.03171984177902431,0.7206249833106995,0.9893749952316284,63.37623762376238,50.751745126342975,17.0,447.0,1.4875588119029999,0.6571157475312551,0.0030948102939873934,0.0064190214810272055,0.08031329387192111,0.9603898507533687,0.03171984177902431,0.7206249833106995,0.9893749952316284
64,393209,946.3692041697851,6,0.9724941051231241,0.012234354645746907,0.9212499856948853,0.9906250238418579,44.009433962264154,19.574962484852296,15.0,126.0,1.4222982327143352,0.6909021710356077,-0.020643612913166482,0.005841033494410415,0.07327416228903587,0.9724941051231241,0.012234354645746907,0.9212499856948853,0.9906250238418579
65,399353,1190.2294294850203,12,0.9714402189289314,0.01378384305488995,0.9225000143051147,0.9918749928474426,45.69565217391305,22.054152290902532,13.0,124.0,1.3979947318633397,0.7280490050713221,-0.026215205357099574,0.004137931294584026,0.07037107143508198,0.9714402189289314,0.01378384305488995,0.9225000143051147,0.9918749928474426
66,405497,1195.2473309302356,17,0.9711759240538985,0.01252706662313987,0.9056249856948853,0.9887499809265137,46.11851851851852,20.04330565323286,18.0,151.0,1.4066307246685028,0.7417039771874746,-0.01915269282956918,0.003384895777950684,0.062461714233373024,0.9711759240538985,0.01252706662313987,0.9056249856948853,0.9887499809265137
67,411641,1097.9530146666252,22,0.9728012608109619,0.0159906577155147,0.8493750095367432,0.9912499785423279,43.51798561151079,25.585054235994612,14.0,241.0,1.4176077842712402,0.7484251235922178,-0.007279914318739126,0.0036247143774138144,0.06219780494949203,0.9728012608109619,0.0159906577155147,0.8493750095367432,0.9912499785423279
68,417785,1072.2347533776797,28,0.9737499996617034,0.010923129930609794,0.918749988079071,0.9925000071525574,42.0,17.47701192841459,12.0,130.0,1.4037234038114548,0.7668230384588242,-0.007619894759651895,0.0028451740799937397,0.055609406078734186,0.9737499996617034,0.010923129930609794,0.918749988079071,0.9925000071525574
69,423929,983.5454222252959,34,0.9733445942401886,0.01710597706035231,0.8118749856948853,0.9906250238418579,42.648648648648646,27.369559156919568,15.0,301.0,1.419106513261795,0.7751269067327181,-0.0013550117594907836,0.0028181913658045232,0.04962156772975418,0.9733445942401886,0.01710597706035231,0.8118749856948853,0.9906250238418579
70,430073,1131.3074117530696,40,0.9730797086073004,0.012800871636117829,0.8999999761581421,0.9893749952316284,43.072463768115945,20.4813940596215,17.0,160.0,1.4452057381470997,0.766889251768589,0.0022731811016759216,0.002974208415253088,0.06060809224107246,0.9730797086073004,0.012800871636117829,0.8999999761581421,0.9893749952316284
71,436217,1133.141727120773,45,0.972623176383276,0.011830820095662515,0.9325000047683716,0.9918749928474426,43.802919708029194,18.929311228676372,13.0,108.0,1.4420893987019856,0.7635770365595818,0.003909377320572578,0.0028157520088522383,0.05359133480217063,0.972623176383276,0.011830820095662515,0.9325000047683716,0.9918749928474426
72,442361,1124.3216345256717,51,0.9716576091621233,0.014901101822808632,0.8681250214576721,0.9912499785423279,45.34782608695652,23.8417646505227,14.0,211.0,1.4537265747785568,0.7540407801667849,0.000726953066381005,0.003313162907337149,0.05991569578560596,0.9716576091621233,0.014901101822808632,0.8681250214576721,0.9912499785423279
73,448504,1007.2381291275043,6,0.9732870365734454,0.010961902936942746,0.9375,0.9893749952316284,42.74074074074074,17.539041302809956,17.0,100.0,1.4677731196085613,0.7491012761990229,0.005822624795352264,0.0035389611536326506,0.06218538720935318,0.9732870365734454,0.010961902936942746,0.9375,0.9893749952316284
74,454648,1135.8015973538133,11,0.9716925203365131,0.012093093745051532,0.9212499856948853,0.9900000095367432,45.29197080291971,19.34895103965365,16.0,126.0,1.446059415737788,0.7480155030886332,-0.0025822777606663294,0.00336262458586134,0.05783835874377142,0.9716925203365131,0.012093093745051532,0.9212499856948853,0.9900000095367432
75,460792,1116.2333873362813,17,0.9728313748468489,0.012284755078837955,0.9225000143051147,0.9900000095367432,43.46979865771812,19.655611097355074,16.0,124.0,1.418948824206988,0.7697400202353796,-0.012042261058619866,0.0030408552944815406,0.04994642683059928,0.9728313748468489,0.012284755078837955,0.9225000143051147,0.9900000095367432
76,466936,998.6894388194587,23,0.9723936167169125,0.013322863487658368,0.8981249928474426,0.9906250238418579,44.170212765957444,21.316579451900786,15.0,163.0,1.4505725999673207,0.7647268747289976,0.006099547419580631,0.0029756109482453517,0.060875698814040875,0.9723936167169125,0.013322863487658368,0.8981249928474426,0.9906250238418579
77,473080,1242.4284582598955,28,0.9726332689032835,0.010931306434023333,0.9181249737739563,0.9931250214576721,43.786764705882355,17.4900846230402,11.0,131.0,1.455025628209114,0.7725374549627304,0.003209316622815095,0.002663075487362221,0.054303810886262814,0.9726332689032835,0.010931306434023333,0.9181249737739563,0.9931250214576721
78,479224,1095.8700428566272,34,0.9718843980839378,0.011369971859748798,0.9162499904632568,0.9906250238418579,44.984962406015036,18.191952679462965,15.0,134.0,1.4645392994085948,0.7668441484371821,0.00819962354338107,0.0029299256760471812,0.04790156724002844,0.9718843980839378,0.011369971859748798,0.9162499904632568,0.9906250238418579
79,485368,1117.4744666197819,39,0.9705018938490839,0.011596726567188926,0.934374988079071,0.9881250262260437,47.196969696969695,18.554767170639934,19.0,105.0,1.4646767179171245,0.7546854962905248,0.003575819578448621,0.002902705241770794,0.047884830566839724,0.9705018938490839,0.011596726567188926,0.934374988079071,0.9881250262260437
80,491512,1081.0824640209073,45,0.9701953143812716,0.014522375478746333,0.9156249761581421,0.9893749952316284,47.6875,23.23579875429291,17.0,135.0,1.457161287466685,0.7404889563719431,0.004433351827174192,0.0031923971352322647,0.05259730450702362,0.9701953143812716,0.014522375478746333,0.9156249761581421,0.9893749952316284
81,497656,926.6224421681793,51,0.9724911976028496,0.012115337428423625,0.9131249785423279,0.9893749952316284,44.014084507042256,19.38453932924234,17.0,139.0,1.4230005691448848,0.7604979276657104,-0.007669268418491508,0.003271655887753392,0.05372207728241991,0.9724911976028496,0.012115337428423625,0.9131249785423279,0.9893749952316284
82,503799,1012.0561180554189,6,0.9714399506064022,0.012643718919942383,0.9212499856948853,0.9881250262260437,45.69607843137255,20.229947329022508,19.0,126.0,1.4944367408752441,0.7274846186240514,0.0110171486545975,0.003729354493164768,0.06325354166329152,0.9714399506064022,0.012643718919942383,0.9212499856948853,0.9881250262260437
83,509943,1031.887148406403,12,0.966642045432871,0.017655732706710458,0.8837500214576721,0.9887499809265137,53.372727272727275,28.249170250375688,18.0,186.0,1.4720593690872192,0.7184152627984682,0.0057855620749857435,0.0037708870077040046,0.061760333472393986,0.966642045432871,0.017655732706710458,0.8837500214576721,0.9887499809265137
84,516087,1176.3102985039063,17,0.9632928261050472,0.023265122035455683,0.8431249856948853,0.9900000095367432,58.73148148148148,37.22419724813654,16.0,251.0,1.5053321818510692,0.7170577843983968,0.009654487604469372,0.00397649611113593,0.06526283242392561,0.9632928261050472,0.023265122035455683,0.8431249856948853,0.9900000095367432
85,522231,1130.413206064009,23,0.9627500030729506,0.020984827812183592,0.8743749856948853,0.9906250238418579,59.6,33.57571873972155,15.0,201.0,1.5437156806389492,0.6987030928333601,0.022699567566936214,0.004392919547778244,0.06010416584918388,0.9627500030729506,0.020984827812183592,0.8743749856948853,0.9906250238418579
86,528375,1207.6421685425798,28,0.9587434210275348,0.02462540008573448,0.8656250238418579,0.9868749976158142,66.01052631578948,39.40063978557284,21.0,215.0,1.551749790708224,0.687513455748558,0.016385849778695654,0.0044304931749744965,0.06482850784625875,0.9587434210275348,0.02462540008573448,0.8656250238418579,0.9868749976158142
87,534519,1147.5795806408576,33,0.960206252336502,0.02572086522614494,0.8168749809265137,0.9918749928474426,63.67,41.15338503695656,13.0,293.0,1.5212409595648448,0.6950179065267245,0.003789061748345072,0.004309819564999391,0.06263332028383208,0.960206252336502,0.02572086522614494,0.8168749809265137,0.9918749928474426
88,540663,1051.0162256606525,39,0.9608736557345237,0.021195006822189374,0.8743749856948853,0.9912499785423279,62.60215053763441,33.91201131611365,14.0,201.0,1.5333057641983032,0.6635145942370096,0.007839116296963766,0.005474794423207641,0.0679965240448312,0.9608736557345237,0.021195006822189374,0.8743749856948853,0.9912499785423279
89,546807,1076.9746776124682,45,0.9610395425436448,0.0220712684414371,0.8899999856948853,0.9893749952316284,62.33673469387755,35.31402677827834,17.0,176.0,1.5164457360903423,0.6701895222067833,-0.001148208393715322,0.0058631124945047,0.07677370734852888,0.9610395425436448,0.0220712684414371,0.8899999856948853,0.9893749952316284
90,552951,1111.055895548051,50,0.9637171036318729,0.024825437934497305,0.8168749809265137,0.9906250238418579,58.05263157894737,39.720700799736164,15.0,293.0,1.5034090429544449,0.6599903677900633,0.0034276283307311437,0.005888205332060655,0.07673515000500711,0.9637171036318729,0.024825437934497305,0.8168749809265137,0.9906250238418579
91,559094,1113.6457463745628,5,0.9694779246718019,0.014448747516758184,0.9231316447257996,0.9891102910041809,47.64835164835165,22.556095458609008,17.0,120.0,1.4685494651397069,0.6641605496406555,-0.008901810981721306,0.00640346195238332,0.07606515777627072,0.9694779246718019,0.014448747516758184,0.9231316447257996,0.9891102910041809
92,565238,1256.4709735686129,10,0.9658138244821314,0.019787974969280663,0.8731672763824463,0.9891102910041809,53.36842105263158,30.891224881831857,17.0,198.0,1.4536293546358745,0.6977484673261642,-0.01244767124687011,0.005673776167289664,0.07356300679134022,0.9658138244821314,0.019787974969280663,0.8731672763824463,0.9891102910041809
93,571382,1283.748215454344,15,0.9651232830115727,0.02627211263417553,0.7937366366386414,0.9910320043563843,54.44642857142857,41.013682230470856,14.0,322.0,1.5119949479897816,0.6900908971826235,-0.004443335671870348,0.005611502565443516,0.068379703500266,0.9651232830115727,0.02627211263417553,0.7937366366386414,0.9910320043563843
94,577526,1300.237312826462,20,0.9617715242805831,0.027236539812331404,0.8027046322822571,0.989750862121582,59.678899082568805,42.51926292739443,16.0,308.0,1.4935320566097896,0.7048718556761742,0.008082617137309475,0.0049379672661113245,0.06656072947641835,0.9617715242805831,0.027236539812331404,0.8027046322822571,0.989750862121582
95,583670,1274.780561253994,25,0.9673065571557908,0.01611504814950891,0.8981494903564453,0.9903914332389832,51.03809523809524,25.157380365373346,15.0,159.0,1.513041893641154,0.7005087186892828,0.0014737997116753832,0.004839735978748649,0.06345347149653802,0.9673065571557908,0.01611504814950891,0.8981494903564453,0.9903914332389832
96,589814,1245.683761167976,30,0.964975149178308,0.026726768406044803,0.8148754239082336,0.9891102910041809,54.67768595041322,41.72345295965543,17.0,289.0,1.5061354339122772,0.7107363467415174,-0.0065914402560641365,0.0043388619960751384,0.05900859285641816,0.964975149178308,0.026726768406044803,0.8148754239082336,0.9891102910041809
97,595958,1314.902436812895,34,0.9625046037394425,0.029522131231712913,0.7367259860038757,0.9910320043563843,58.53448275862069,46.08732921734165,14.0,411.0,1.4821822494268417,0.7143677646915118,0.0016410406533395872,0.004639462723086278,0.06217706693676686,0.9625046037394425,0.029522131231712913,0.7367259860038757,0.9910320043563843
98,602102,1354.4551336080037,39,0.9661133042326918,0.01732963489669748,0.9096797108650208,0.9884697794914246,52.9009009009009,27.05348554751234,18.0,141.0,1.4634263664484024,0.7148360833525658,-0.0002921493408697036,0.004388612520415336,0.06002413186599396,0.9661133042326918,0.01732963489669748,0.9096797108650208,0.9884697794914246
99,608246,1259.7619474689445,44,0.9679245199632207,0.017378581627466635,0.885978639125824,0.9903914332389832,50.07339449541284,27.12989698645665,15.0,178.0,1.4850594798723857,0.711323211590449,0.005018713000026764,0.005217342889712502,0.0656225375741991,0.9679245199632207,0.017378581627466635,0.885978639125824,0.9903914332389832
100,614389,1096.9372943812205,5,0.972228395337818,0.011329500309298557,0.924397349357605,0.9894813895225525,42.2436974789916,17.23342774107346,16.0,115.0,1.441261167327563,0.7346941058834394,-0.014770980090058098,0.003948492793521534,0.05594839641973524,0.972228395337818,0.011329500309298557,0.924397349357605,0.9894813895225525
101,620533,1192.1360875572104,11,0.9729013860225677,0.009359286251625841,0.9441198110580444,0.9888239502906799,41.22,14.236511745040168,17.0,85.0,1.4038687994082768,0.7687205026547114,-0.015741553351593513,0.002400349039817229,0.051212939279772086,0.9729013860225677,0.009359286251625841,0.9441198110580444,0.9888239502906799
102,626677,1117.6822925074466,16,0.9742609862285324,0.009961993286188266,0.9230825304985046,0.9914535880088806,39.151898734177216,15.153299851676152,13.0,117.0,1.4019405841827393,0.77118369191885,-0.01537556767774125,0.0024918793448402234,0.04628729776209986,0.9742609862285324,0.009961993286188266,0.9230825304985046,0.9914535880088806
103,632821,1312.6668206697545,21,0.9739918493455456,0.010931505010892472,0.8981007933616638,0.9901387691497803,39.561290322580646,16.62803069478405,15.0,155.0,1.3961511552333832,0.7783821597695351,-0.009356761584058404,0.0023772502803088478,0.0482009560369828,0.9739918493455456,0.010931505010892472,0.8981007933616638,0.9901387691497803
104,638965,1323.1002418565563,25,0.9744397358099619,0.009700942597209408,0.9349160194396973,0.9907962083816528,38.88,14.75620547430809,14.0,99.0,1.4316299607356389,0.784213975071907,-0.00032121592691206996,0.002506427476570631,0.05104213077428687,0.9744397358099619,0.009700942597209408,0.9349160194396973,0.9907962083816528
105,645109,1295.4580691163562,30,0.9730749610085158,0.011878473593886643,0.8915266394615173,0.9927684664726257,40.9559748427673,18.06847419952051,11.0,165.0,1.4306291739145915,0.7852558642625809,-0.0055114896143398555,0.002234651750768535,0.04766756894442343,0.9730749610085158,0.011878473593886643,0.8915266394615173,0.9927684664726257
106,651253,1254.1704417468193,35,0.9737209633986155,0.00947161739571558,0.941490113735199,0.9907962083816528,39.973333333333336,14.407380824501802,14.0,89.0,1.473486413558324,0.7769059812029203,0.0012941987442900427,0.0021059650947184614,0.04349867974346953,0.9737209633986155,0.00947161739571558,0.941490113735199,0.9907962083816528
107,657397,1212.8481258788745,40,0.9723841324955428,0.011285208105692474,0.941490113735199,0.9907962083816528,42.006802721088434,17.16605438389209,14.0,89.0,1.4756593257188797,0.7767525687813759,0.0052477637194291065,0.002711349749006331,0.05711193015681648,0.9723841324955428,0.011285208105692474,0.941490113735199,0.9907962083816528
108,663541,1145.5915605578668,46,0.9716094467375014,0.012722390132909272,0.920452892780304,0.9914535880088806,43.18518518518518,19.352169056411448,13.0,121.0,1.4748480419317882,0.7648543467124304,0.0065643634588923305,0.003156759194098413,0.05014876284718173,0.9716094467375014,0.012722390132909272,0.920452892780304,0.9914535880088806
109,669684,1049.4548159225133,6,0.9697010543494098,0.013617649445269244,0.9169542193412781,0.9878469705581665,44.876106194690266,20.169254066946582,18.0,123.0,1.5020538965861003,0.7437408417463303,0.00950750796861636,0.003238729560204471,0.054087078336108284,0.9697010543494098,0.013617649445269244,0.9169542193412781,0.9878469705581665
110,675828,1179.6511500084114,11,0.9702925751679135,0.01185758431480031,0.922355592250824,0.9885221123695374,44.0,17.562401777785965,17.0,115.0,1.4489012608925502,0.7570143019159635,-0.006902486726175994,0.0031658386869821697,0.046592560746012236,0.9702925751679135,0.01185758431480031,0.922355592250824,0.9885221123695374
111,681972,1279.3019225666458,16,0.9707457721233368,0.01245403650607717,0.9324831366539001,0.989197313785553,43.32876712328767,18.44581460825753,16.0,100.0,1.4535895437002182,0.7557772919535637,-0.008093561826778265,0.0028889730553297945,0.0477505312814096,0.9707457721233368,0.01245403650607717,0.9324831366539001,0.989197313785553
112,688116,1237.45898879863,21,0.9717797685313869,0.011374886519250935,0.9270817637443542,0.9898724555969238,41.7972972972973,16.84747132339733,15.0,108.0,1.389228453238805,0.7709662243723869,-0.007756158282669882,0.002622225641971454,0.04864101338057186,0.9717797685313869,0.011374886519250935,0.9270817637443542,0.9898724555969238
113,694260,1231.1191147149475,26,0.973392839334449,0.011062174945041314,0.933158278465271,0.9925731420516968,39.40816326530612,16.384311021425766,11.0,99.0,1.3927455047766368,0.7796104823549589,-0.0028232770103689595,0.0026333560914887735,0.04609041945129936,0.973392839334449,0.011062174945041314,0.933158278465271,0.9925731420516968
114,700404,1186.676763826317,31,0.972028102248143,0.010848352046399388,0.9345086216926575,0.9885221123695374,41.42948717948718,16.067610427976533,17.0,97.0,1.4320398072401683,0.786032517751058,-0.0028534830295636007,0.0023545991086090603,0.03993745993779754,0.972028102248143,0.010848352046399388,0.9345086216926575,0.9885221123695374
115,706548,1184.4263695304203,36,0.9725791438420613,0.01066618197136005,0.930457592010498,0.989197313785553,40.61333333333334,15.797800128147237,16.0,103.0,1.4489852090676625,0.7865824004014333,0.00406074686422168,0.0021737861049283915,0.042771276368709255,0.9725791438420613,0.01066618197136005,0.930457592010498,0.989197313785553
116,712692,1273.7614935854474,41,0.9728608622270472,0.00994482837612562,0.9378844499588013,0.9898724555969238,40.19607843137255,14.729392971234017,15.0,92.0,1.4389244417349498,0.7801598707834879,0.0016202822201497231,0.002426355698844418,0.04592037024138108,0.9728608622270472,0.00994482837612562,0.9378844499588013,0.9898724555969238
117,718836,1277.4825052966107,46,0.9716671988260832,0.010174024166028202,0.9189797639846802,0.9905476570129395,41.96402877697842,15.068863544314068,14.0,120.0,1.4665791392326355,0.768949382007122,0.0020689950664139665,0.002445061254547909,0.045355593007486004,0.9716671988260832,0.010174024166028202,0.9189797639846802,0.9905476570129395
118,724979,1040.3231338501562,6,0.9653139251309473,0.01540283894645384,0.9257517457008362,0.9882035255432129,49.986486486486484,22.197207788394664,17.0,107.0,1.5762489537398021,0.6932769368092219,0.03266559401527047,0.0031506544231281928,0.05733158325350863,0.9653139251309473,0.01540283894645384,0.9257517457008362,0.9882035255432129
119,731123,1128.2760107254026,11,0.9577158416839356,0.03144313150262368,0.8556669354438782,0.9895913600921631,60.93617021276596,45.313050233933076,15.0,208.0,1.54318268597126,0.6913943017522494,0.019968327484093606,0.004531090138092016,0.05824034952259869,0.9577158416839356,0.03144313150262368,0.8556669354438782,0.9895913600921631
120,737267,1215.455417491598,16,0.9543861071674191,0.039398917227894195,0.7848882079124451,0.9895913600921631,65.73469387755102,56.77822071318604,15.0,310.0,1.542624240120252,0.6720116386810938,0.016099991839534294,0.00497859427317356,0.06774303827532933,0.9543861071674191,0.039398917227894195,0.7848882079124451,0.9895913600921631
121,743411,1245.5540114177138,21,0.9497411583151136,0.03648113715294988,0.7835003733634949,0.9861218333244324,72.42857142857143,52.573369529386916,20.0,312.0,1.6086578071117401,0.6383856534957886,0.028492157890771825,0.0052706096903420985,0.0745770016774271,0.9497411583151136,0.03648113715294988,0.7835003733634949,0.9861218333244324
122,749555,1238.9871391001789,26,0.947379960353116,0.0377593112625988,0.8098689317703247,0.9882035255432129,75.83132530120481,54.41536354569215,17.0,274.0,1.5878306527932484,0.6372790758808454,0.017540551683244605,0.005966642580460757,0.06320826601257788,0.947379960353116,0.0377593112625988,0.8098689317703247,0.9882035255432129
123,755699,1310.380887758539,31,0.9498630789504654,0.0421014694437411,0.7557440400123596,0.9840400815010071,72.25287356321839,60.67289693740623,23.0,352.0,1.5565271427234013,0.6491976082324982,0.011242739031634605,0.006718257054065664,0.07268229335014577,0.9498630789504654,0.0421014694437411,0.7557440400123596,0.9840400815010071
124,761843,1123.535905420315,36,0.9531780633984542,0.03605579194346167,0.7925211787223816,0.9875096082687378,67.47560975609755,51.960403688361254,18.0,299.0,1.5597367237011592,0.6286418363451958,0.0026619643855762356,0.0064312837009007735,0.0645413329424199,0.9531780633984542,0.03605579194346167,0.7925211787223816,0.9875096082687378
125,767987,1230.1315781094868,41,0.9487059309401296,0.06474602699584503,0.44695451855659485,0.9861218333244324,73.92045454545455,93.30621892833554,20.0,797.0,1.5725361158450444,0.6185065557559332,0.008831150970460536,0.007814489460239807,0.06750699285852249,0.9487059309401296,0.06474602699584503,0.44695451855659485,0.9861218333244324
126,774131,1235.9555875617893,46,0.9402581839948088,0.08018163132019362,0.3387047052383423,0.9895913600921631,86.0945945945946,115.55064046262197,15.0,953.0,1.5480112830797832,0.6041753441095352,0.004912882010103203,0.008372857953266552,0.07874184689001905,0.9402581839948088,0.08018163132019362,0.3387047052383423,0.9895913600921631
127,780274,1117.5142519277917,5,0.9647381331609644,0.015806940687352552,0.9179222583770752,0.9857256412506104,49.405797101449274,22.147279638346603,20.0,115.0,1.5527196874221165,0.5951622252662977,-0.005439300698829659,0.007068019437914093,0.0666106876884864,0.9647381331609644,0.015806940687352552,0.9179222583770752,0.9857256412506104
128,786418,1294.7451674411666,10,0.9559485849946044,0.02963472541499356,0.8779540061950684,0.9871530532836914,61.72093023255814,41.52154138678701,18.0,171.0,1.5234709928433101,0.6228443384170532,0.0013250699412310496,0.00771892536431551,0.07241145449766472,0.9559485849946044,0.02963472541499356,0.8779540061950684,0.9871530532836914
129,792562,1239.4178556695815,15,0.9508844601864718,0.04603591694173448,0.729500412940979,0.9914353489875793,68.81632653061224,64.50143914527602,12.0,379.0,1.4940250515937805,0.6236641680200895,-0.011278129929754263,0.007973139639943838,0.06946414685475066,0.9508844601864718,0.04603591694173448,0.729500412940979,0.9914353489875793
130,798706,1157.1325586039118,20,0.9564141455818626,0.04132221159460784,0.7509119510650635,0.9921491146087646,61.068627450980394,57.897011302173034,11.0,349.0,1.4519128600756328,0.6406159773468971,-0.011626366661706319,0.007866871679046502,0.0750482116525593,0.9564141455818626,0.04132221159460784,0.7509119510650635,0.9921491146087646
131,804850,1179.776119913413,26,0.9635848001293514,0.022689670458771335,0.8679619431495667,0.9892942309379578,51.02173913043478,31.790748675098097,15.0,185.0,1.492628037929535,0.6356190169850985,0.0007559099055166977,0.0075427591024587555,0.07553503670839694,0.9635848001293514,0.022689670458771335,0.8679619431495667,0.9892942309379578
132,810994,1202.8088800550506,31,0.9511393618826963,0.058961405731974115,0.5610626339912415,0.9921491146087646,68.45918367346938,82.61147921017269,11.0,615.0,1.498682623108228,0.6423338229457537,-0.004666604033748929,0.007508408627472818,0.07355043785624893,0.9511393618826963,0.058961405731974115,0.5610626339912415,0.9921491146087646
133,817138,1222.7013372430972,36,0.9572849833604061,0.05171112565296367,0.5325138568878174,0.9892942309379578,59.84848484848485,72.45303092089046,15.0,655.0,1.4825910776853561,0.6509570553898811,0.005177923711016774,0.0075060314071985585,0.07135611162356202,0.9572849833604061,0.05171112565296367,0.5325138568878174,0.9892942309379578
134,823282,1261.0230265928146,41,0.9554639173878564,0.050679853662783575,0.5824742317199707,0.9871530532836914,62.4,71.00810595355372,18.0,585.0,1.4884187231461208,0.6432005167007446,0.007239465820020996,0.006454465173495312,0.06993288553634452,0.9554639173878564,0.050679853662783575,0.5824742317199707,0.9871530532836914
135,829426,1216.0985193592844,46,0.9395882578769533,0.08104790607264328,0.47256144881248474,0.9885804653167725,84.64356435643565,113.55711993655643,16.0,739.0,1.4842267036437988,0.6633055408795675,-0.006179379410847711,0.00799327219525973,0.0692935778101998,0.9395882578769533,0.08104790607264328,0.47256144881248474,0.9885804653167725
136,835569,1128.1445748637757,5,0.9618253064155579,0.016393800719238027,0.9125714302062988,0.9867755174636841,51.96,22.313786470849514,18.0,119.0,1.5475181688865025,0.6400196601947149,0.004176706909978141,0.005342949666858961,0.058256198490756604,0.9618253064155579,0.016393800719238027,0.9125714302062988,0.9867755174636841
137,841713,1308.9118976730904,10,0.9586629120782874,0.027268891198998557,0.862612247467041,0.9867755174636841,56.264367816091955,37.11599084390018,18.0,187.0,1.5377048552036285,0.6396316811442375,0.011067267980251927,0.0056389231273594005,0.062273073842222075,0.9586629120782874,0.027268891198998557,0.862612247467041,0.9867755174636841
138,847857,1252.9263748212488,15,0.9455836792786916,0.05032933726729912,0.7244898080825806,0.9889795780181885,74.06666666666666,68.50381984483299,15.0,375.0,1.5324126780033112,0.6451732665300369,0.0010469169186156553,0.006389308798437317,0.06977560068533027,0.9455836792786916,0.05032933726729912,0.7244898080825806,0.9889795780181885
139,854001,1261.24848281958,20,0.9504423328610354,0.04158934564869376,0.7450612187385559,0.9919183850288391,67.45348837209302,56.60771928968786,11.0,347.0,1.5411538283030193,0.6312309553225836,0.009609510273245784,0.00676571895989279,0.06999918418469889,0.9504423328610354,0.04158934564869376,0.7450612187385559,0.9919183850288391
140,860145,1213.4348735079864,25,0.9466014831930727,0.050048608501951156,0.713469386100769,0.988244891166687,72.68131868131869,68.12172026518014,16.0,390.0,1.538039892911911,0.6310940211017927,-0.0012597828632957924,0.006852438013690214,0.0736480469592262,0.9466014831930727,0.050048608501951156,0.713469386100769,0.988244891166687
141,866289,1216.2771392339728,30,0.9521301041046778,0.037528664223980254,0.7759183645248413,0.9860408306121826,65.15625,51.08068130520742,19.0,305.0,1.5008480697870255,0.6353451038400332,-0.004205762422013019,0.007380135861846308,0.07170208652978126,0.9521301041046778,0.037528664223980254,0.7759183645248413,0.9860408306121826
142,872433,1204.5670958096218,35,0.956514849521146,0.03271693150892744,0.7928163409233093,0.9867755174636841,59.18811881188119,44.53138016313225,18.0,282.0,1.4980440586805344,0.643112579981486,-0.004594787533278577,0.0073610783244172735,0.07217654595205547,0.956514849521146,0.03271693150892744,0.7928163409233093,0.9867755174636841
143,878577,1261.2828051534734,40,0.9540816338694825,0.041269740109912356,0.6605714559555054,0.988244891166687,62.5,56.17270199108809,16.0,462.0,1.4837133536736171,0.6486545453468958,-0.00720380245669124,0.007393627330505599,0.07567601039681895,0.9540816338694825,0.041269740109912356,0.6605714559555054,0.988244891166687
144,884721,1195.2303118280836,45,0.9548555595203511,0.04356993196025016,0.7053877711296082,0.9889795780181885,61.44660194174757,59.303518806409215,15.0,401.0,1.4960710803667705,0.65479526668787,0.004576353770971764,0.006459843852402021,0.064272922896902,0.9548555595203511,0.04356993196025016,0.7053877711296082,0.9889795780181885
145,890864,1148.006099402404,5,0.9698384380148303,0.011940440099261257,0.9106812477111816,0.9886459112167358,39.846774193548384,15.774645006403272,15.0,118.0,1.390542800227801,0.7342015504837036,-0.030432061990723014,0.004321092419559136,0.06111519312404836,0.9698384380148303,0.011940440099261257,0.9106812477111816,0.9886459112167358
146,897008,1173.0622157880082,10,0.9699353456497193,0.012340125168074924,0.9250630736351013,0.9894028306007385,39.71875,16.302673045776878,14.0,99.0,1.38351305325826,0.7648149132728577,-0.023867230707158644,0.003143638498537863,0.049037667401776154,0.9699353456497193,0.012340125168074924,0.9250630736351013,0.9894028306007385
147,903152,1307.3525405193593,15,0.9717783387060519,0.008532946349595014,0.9477712512016296,0.9878889918327332,37.28395061728395,11.272970587831077,16.0,69.0,1.3955025672912598,0.7784381881356239,-0.015060670014160374,0.002388971062221875,0.04333539019937679,0.9717783387060519,0.008532946349595014,0.9477712512016296,0.9878889918327332
148,909296,1187.4755067372582,20,0.9708509802818298,0.012200039542700991,0.8879730701446533,0.9886459112167358,38.50909090909091,16.117604973526454,15.0,148.0,1.380058194200198,0.7835924377044042,-0.008863974173436873,0.002119180586305447,0.0365584252425611,0.9708509802818298,0.012200039542700991,0.8879730701446533,0.9886459112167358
149,915440,1185.4309007894424,25,0.9715956415556655,0.010191646697262555,0.9243061542510986,0.9894028306007385,37.5253164556962,13.464298487504475,14.0,100.0,1.4222243179877598,0.7883212293187777,-0.005107092580146855,0.002001739955934075,0.036677305792400694,0.9715956415556655,0.010191646697262555,0.9243061542510986,0.9894028306007385
150,921584,1225.721248793533,30,0.9704934980558313,0.010561642067815683,0.9386879801750183,0.9909167289733887,38.98136645962733,13.953103374696326,12.0,81.0,1.4373717854420345,0.7921465759476026,-0.00041492211069756496,0.0019170216692145914,0.03560502236855275,0.9704934980558313,0.010561642067815683,0.9386879801750183,0.9909167289733887
151,927728,1250.7638976604276,35,0.9687389492177639,0.012300196940868823,0.9015979766845703,0.9878889918327332,41.29931972789116,16.249925155656587,16.0,130.0,1.4853705912828445,0.7818114086985588,0.004380683632916771,0.002204907243140042,0.03896026043695903,0.9687389492177639,0.012300196940868823,0.9015979766845703,0.9878889918327332
152,933872,1275.2257370126028,40,0.9684522503042874,0.011540890519158874,0.9212783575057983,0.9878889918327332,41.678082191780824,15.24679842050246,16.0,104.0,1.464463010430336,0.7782080247998238,0.00822150957537815,0.002329029875302998,0.04350072270456259,0.9684522503042874,0.011540890519158874,0.9212783575057983,0.9878889918327332
153,940016,1294.2154095070364,45,0.9674349409692428,0.011668987515722679,0.9386879801750183,0.9909167289733887,43.02205882352941,15.416028190588209,12.0,81.0,1.4720933437347412,0.765877882639567,0.012238145398441702,0.0026736616564448923,0.05211036250851514,0.9674349409692428,0.011668987515722679,0.9386879801750183,0.9909167289733887
154,946159,937.5839320830421,6,0.9695389423370361,0.010299046158866959,0.9094535708427429,0.9882914423942566,39.024,13.194219340302023,15.0,116.0,1.450041304032008,0.7639861330389977,0.002728560481045861,0.0024166783065690347,0.04448876306778723,0.9695389423370361,0.010299046158866959,0.9094535708427429,0.9882914423942566
155,952303,990.9194547463596,13,0.9672418074892056,0.013524214913952498,0.9047701358795166,0.9906331300735474,41.966887417218544,17.326019639172582,12.0,122.0,1.45686574280262,0.7710712378223737,-0.0056362194833733765,0.002415506503893994,0.03943437683669889,0.9672418074892056,0.013524214913952498,0.9047701358795166,0.9906331300735474
156,958447,994.855387808354,19,0.9678288914213244,0.011561350142247247,0.9235038757324219,0.9875108599662781,41.214765100671144,14.811370454602777,16.0,98.0,1.4462220172087352,0.7739454805850983,-0.0030583180850953795,0.002281560058084627,0.041524703756664554,0.9678288914213244,0.011561350142247247,0.9235038757324219,0.9875108599662781
157,964591,1022.7845255214067,25,0.965737854758053,0.013631863582089732,0.9110147356987,0.9882914423942566,43.8936170212766,17.46392517911818,15.0,114.0,1.4776571194330852,0.770440990726153,0.005615505781558265,0.00267231422670496,0.04370341206435339,0.965737854758053,0.013631863582089732,0.9110147356987,0.9882914423942566
158,970735,1041.1096307696982,31,0.9681327402991736,0.010761627382124855,0.9375541806221008,0.9882914423942566,40.8255033557047,13.78683913997205,15.0,80.0,1.4701857417821884,0.77410027384758,-0.0026796196664993963,0.002441034361254424,0.042636306648080026,0.9681327402991736,0.010761627382124855,0.9375541806221008,0.9882914423942566
159,976879,1030.6233761559206,37,0.9677185208013613,0.012992197344368257,0.9156981706619263,0.9890719652175903,41.35616438356164,16.64444443330945,14.0,108.0,1.445928578575452,0.7670097996791204,-0.0062646953617028584,0.0023999197971230992,0.043672014362637374,0.9677185208013613,0.012992197344368257,0.9156981706619263,0.9890719652175903
160,983023,1024.435202787439,43,0.9688709751714634,0.012140431281422495,0.9313096404075623,0.9914137125015259,39.879746835443036,15.553239556291846,11.0,88.0,1.4238330622514088,0.7710057099660238,-0.009185593012565127,0.002427472403117766,0.03897203571745602,0.9688709751714634,0.012140431281422495,0.9313096404075623,0.9914137125015259
161,989167,987.3391572611072,49,0.9677634470992618,0.01197198909101356,0.9133564829826355,0.9914137125015259,41.298611111111114,15.337445037984974,11.0,111.0,1.4564728985230129,0.762497790157795,-0.0014083451193679746,0.0027486818532148996,0.04466068480492361,0.9677634470992618,0.01197198909101356,0.9133564829826355,0.9914137125015259
162,995311,997.0330892150608,55,0.9663977043382053,0.014629431749984611,0.8836947083473206,0.9882914423942566,43.04827586206896,18.741924618529943,15.0,149.0,1.4685486108064651,0.7638905048370361,0.0008548757068638224,0.002926481557854762,0.04566037590711606,0.9663977043382053,0.014629431749984611,0.8836947083473206,0.9882914423942566
163,1001454,956.332841098355,6,0.9617320807356583,0.018866308833606685,0.8968666195869446,0.9854968786239624,47.49473684210526,23.4151879114977,18.0,128.0,1.508274217446645,0.7250980362296104,0.017949257783281308,0.0035974557686131448,0.052451509581588784,0.9617320807356583,0.018866308833606685,0.8968666195869446,0.9854968786239624
164,1007598,1102.6715138370282,12,0.9588371096995839,0.02001036768435233,0.8654431700706482,0.9863026142120361,51.08771929824562,24.835091685132266,17.0,167.0,1.5108383297920227,0.7172394121686617,0.01453183296446999,0.004277693583086754,0.05452714138096138,0.9588371096995839,0.02001036768435233,0.8654431700706482,0.9863026142120361
165,1013742,1013.9480007150021,18,0.9526758621224259,0.03341920086922104,0.7679498791694641,0.9871083498001099,58.73451327433628,41.47694053862355,16.0,288.0,1.529334306716919,0.7083563680450121,0.008064450691260086,0.00448212706639121,0.04898265866930507,0.9526758621224259,0.03341920086922104,0.7679498791694641,0.9871083498001099
166,1019886,972.7436356715546,24,0.9562521668113008,0.02812201680942692,0.751835286617279,0.9879140257835388,54.295918367346935,34.90254922672481,15.0,308.0,1.5514641006787617,0.6898548603057861,0.011638772036045944,0.00453151735321929,0.052895751977858896,0.9562521668113008,0.02812201680942692,0.751835286617279,0.9879140257835388
167,1026030,955.1936548860158,31,0.9507957332342574,0.035541463568170534,0.7864816188812256,0.9863026142120361,61.067961165048544,44.11090659133149,17.0,265.0,1.5249632050593693,0.6814213866988817,0.008178971718734829,0.004379963240353391,0.04993991336267492,0.9507957332342574,0.035541463568170534,0.7864816188812256,0.9863026142120361
168,1032174,953.2085616609495,37,0.9510144881442585,0.02954401295298261,0.837242603302002,0.9846911430358887,60.796460176991154,36.66740234253442,19.0,202.0,1.5065668225288391,0.6990341618657112,-0.0013271380060662825,0.005120543937664479,0.055958035024840785,0.9510144881442585,0.02954401295298261,0.837242603302002,0.9846911430358887
169,1038318,887.0296882870641,44,0.9555422600391692,0.024858585445810332,0.8219337463378906,0.9854968786239624,55.176991150442475,30.85226862715933,18.0,221.0,1.50602588057518,0.698216920097669,-0.0016587641584919766,0.00460661460723107,0.05230986123597727,0.9555422600391692,0.024858585445810332,0.8219337463378906,0.9854968786239624
170,1044462,935.6618398686621,51,0.9580946646699118,0.020489171198217655,0.8896150588989258,0.9871083498001099,52.00917431192661,25.429339196660017,16.0,137.0,1.4952761679887772,0.6915689979990324,0.0003669122379506007,0.005252757711180796,0.054625677218018476,0.9580946646699118,0.020489171198217655,0.8896150588989258,0.9871083498001099
171,1050606,955.3575046183379,57,0.955595342097459,0.021521996363619855,0.8775290846824646,0.9919427037239075,55.111111111111114,26.711189683744664,10.0,152.0,1.502800464630127,0.6905286634961764,-0.0006646097681368701,0.005218463115549336,0.05453793190738281,0.955595342097459,0.021521996363619855,0.8775290846824646,0.9919427037239075
172,1056749,925.307868322194,6,0.9579028319305097,0.01644103633572345,0.8959296941757202,0.98418128490448,50.563380281690144,19.747513585235176,19.0,125.0,1.5414349188407261,0.6432627961039543,0.014351934388590356,0.004325113045827796,0.04689459180759902,0.9579028319305097,0.01644103633572345,0.8959296941757202,0.98418128490448
173,1062893,1078.2857651428856,12,0.947613326046202,0.03502665286546932,0.825161874294281,0.9858464598655701,62.922222222222224,42.070899886785774,17.0,210.0,1.5430407126744587,0.6511688505609831,0.008597306591885475,0.00502075144322589,0.056388897010866364,0.947613326046202,0.03502665286546932,0.825161874294281,0.9858464598655701
174,1069037,1052.4403437393535,18,0.9432838048253741,0.04603545814708444,0.7785384058952332,0.9900092482566833,68.12244897959184,55.29369918456083,12.0,266.0,1.5227987418572109,0.6438562646508217,0.0030716637884324882,0.005321389859697471,0.0537170468864304,0.9432838048253741,0.04603545814708444,0.7785384058952332,0.9900092482566833
175,1075181,971.4559334884257,24,0.9443318437446248,0.04219050021443466,0.7294172048568726,0.9900092482566833,66.86363636363636,50.67547860880452,12.0,325.0,1.5382419725259144,0.6438732172052065,0.004647436202503741,0.0064339735157166915,0.06161629161096651,0.9443318437446248,0.04219050021443466,0.7294172048568726,0.9900092482566833
176,1081325,951.9882400296482,31,0.9429654293847316,0.04789047183155281,0.6586493849754333,0.9891766905784607,68.50485436893204,57.521777013614894,13.0,410.0,1.5142826686302822,0.6566861843069395,0.00016364598316916576,0.006253688537981361,0.06239188667477528,0.9429654293847316,0.04789047183155281,0.6586493849754333,0.9891766905784607
177,1087469,917.0980070635947,38,0.9534264552593231,0.034231746163912814,0.8118408918380737,0.9858464598655701,55.94,41.11613308666077,17.0,226.0,1.5127867410580318,0.6724202111363411,0.004848806964825296,0.005686423896501462,0.06422005886593711,0.9534264552593231,0.034231746163912814,0.8118408918380737,0.9858464598655701
178,1093613,964.709185920754,44,0.9458227337648472,0.0388844804367808,0.795189619064331,0.9866790175437927,65.07291666666667,46.70457793221547,16.0,246.0,1.5301294525464375,0.6676103621721268,0.010564561181430085,0.006568165379576385,0.06778735982874289,0.9458227337648472,0.0388844804367808,0.795189619064331,0.9866790175437927
179,1099757,968.5764923981201,50,0.949007888858238,0.03949570444403142,0.6728029847145081,0.9850139021873474,61.247191011235955,47.43873184041112,18.0,393.0,1.533237596352895,0.6335514684518179,0.0030142329536223165,0.005779946610952417,0.05935618586727561,0.949007888858238,0.03949570444403142,0.6728029847145081,0.9850139021873474
180,1105901,955.2649316422483,57,0.9478607746687803,0.04352212658686127,0.6245143413543701,0.9858464598655701,62.625,52.27490978645318,17.0,451.0,1.5389701972405117,0.6260796263813972,0.0025717917233123444,0.007196481029192607,0.0741561546146667,0.9478607746687803,0.04352212658686127,0.6245143413543701,0.9858464598655701
181,1112044,981.4675941460058,6,0.9555066140259013,0.020546320901755864,0.8949282169342041,0.982775092124939,51.661764705882355,23.856562973023028,20.0,122.0,1.553674230972926,0.6119377935926119,0.00654601187852677,0.006634420366026461,0.06193345376422138,0.9555066140259013,0.020546320901755864,0.8949282169342041,0.982775092124939
182,1118188,990.5010638262298,12,0.9467234444618225,0.03824602553868115,0.786411464214325,0.986220121383667,61.86,44.40788668693884,16.0,248.0,1.4947797159353893,0.6339545274774233,-0.008402259183640126,0.00716550083598122,0.06700000050726325,0.9467234444618225,0.03824602553868115,0.786411464214325,0.986220121383667
183,1124332,1002.7696333049375,18,0.9464289666368411,0.04274224584222004,0.7192344665527344,0.982775092124939,62.20192307692308,49.62850061431286,20.0,326.0,1.496977264682452,0.649201991657416,-0.008323718461421473,0.00665484902371342,0.06438602679903065,0.9464289666368411,0.04274224584222004,0.7192344665527344,0.982775092124939
184,1130476,969.0891953553912,25,0.9460202665889964,0.048642263873332085,0.605550229549408,0.982775092124939,62.6764705882353,56.47907156459067,20.0,458.0,1.496972694993019,0.6604224021236101,-0.0031482943595619872,0.0070409041751797,0.06537662225524807,0.9460202665889964,0.048642263873332085,0.605550229549408,0.982775092124939
185,1136620,1039.758361706001,31,0.9525949301871848,0.031988596055871524,0.8053588271141052,0.9896650910377502,55.04255319148936,37.14231253860287,12.0,226.0,1.5163831661144893,0.6507420639197031,0.0026134885265491903,0.006746570443889747,0.06171543473470505,0.9525949301871848,0.031988596055871524,0.8053588271141052,0.9896650910377502
186,1142764,1040.03452182162,37,0.944913505934752,0.04557633799491302,0.7088994979858398,0.9870813488960266,63.96153846153846,52.919191494224165,15.0,338.0,1.4970141500234604,0.6558062508702278,-0.0020489670787355863,0.006797032139729708,0.06321105947875563,0.944913505934752,0.04557633799491302,0.7088994979858398,0.9870813488960266
187,1148908,1058.5429989848262,42,0.94868899318907,0.039749304748935066,0.7330143451690674,0.9853588342666626,59.577777777777776,46.153362169035674,17.0,310.0,1.5198268989721935,0.6395014300942421,0.008450614225390988,0.006325432526258131,0.06686584619171382,0.94868899318907,0.039749304748935066,0.7330143451690674,0.9853588342666626
188,1155052,1083.6177810038464,48,0.9417562613300249,0.061324544381352715,0.5271770358085632,0.986220121383667,67.62745098039215,71.20461011300908,16.0,549.0,1.497131238381068,0.6389927814404169,-0.004635292980916954,0.007879643487588813,0.06448231008937026,0.9417562613300249,0.061324544381352715,0.5271770358085632,0.986220121383667
189,1161196,1034.5061522673782,54,0.9513650466414059,0.04375802417992059,0.6959808468818665,0.9870813488960266,56.470588235294116,50.807924710417666,15.0,353.0,1.4590099503596623,0.6400027970472971,-0.006066224110933642,0.007539663890687128,0.06489770304444155,0.9513650466414059,0.04375802417992059,0.6959808468818665,0.9870813488960266
190,1167339,991.3017428155946,6,0.9665029130393653,0.013788176196724908,0.9188305139541626,0.9866204261779785,37.55395683453237,15.458076356106872,15.0,91.0,1.3421148359775543,0.7180037995179495,-0.04725455942874154,0.0050056761829182506,0.0686446821820359,0.9665029130393653,0.013788176196724908,0.9188305139541626,0.9866204261779785
191,1173483,1120.948271866955,12,0.9687556319616057,0.013461242288946258,0.9081268310546875,0.9901883006095886,35.02840909090909,15.091549779321392,11.0,103.0,1.2836330483357112,0.7702735910813013,-0.03807829196254412,0.0035252277836358794,0.05230677901787837,0.9687556319616057,0.013461242288946258,0.9081268310546875,0.9901883006095886
192,1179627,1074.3566693689077,17,0.9693494819022797,0.011457603886916077,0.92061448097229,0.9875124096870422,34.362637362637365,12.845246680196047,14.0,89.0,1.335813785592715,0.7979721849163374,-0.020420949944915872,0.0023291967178617292,0.04400520509283375,0.9693494819022797,0.011457603886916077,0.92061448097229,0.9875124096870422
193,1185771,1014.0664233911843,23,0.9683845409175806,0.011026175473634055,0.9295341968536377,0.9892963171005249,35.44444444444444,12.361566126062622,12.0,79.0,1.3886157125234604,0.8035870691140493,0.0005912360793445259,0.0020982802234357223,0.04012542367742266,0.9683845409175806,0.011026175473634055,0.9295341968536377,0.9892963171005249
194,1191915,909.5580980864756,30,0.9675035785745691,0.012810215434107122,0.8822596669197083,0.9901883006095886,36.4320987654321,14.361675915482722,11.0,132.0,1.4181093573570251,0.7963268707195917,0.010630975099047646,0.0020878064824501052,0.03654735469837847,0.9675035785745691,0.012810215434107122,0.8822596669197083,0.9901883006095886
195,1198059,980.1196141456109,36,0.9637443010012309,0.014749720901882955,0.9045589566230774,0.9875124096870422,40.64666666666667,16.53607638535279,14.0,107.0,1.430554027358691,0.7766033187508583,0.007479040929562568,0.0023415990920814997,0.036886264251283905,0.9637443010012309,0.014749720901882955,0.9045589566230774,0.9875124096870422
196,1204203,954.0898528457918,43,0.9648574251162855,0.015293131279728702,0.8822596669197083,0.9892963171005249,39.39873417721519,17.145298604004463,12.0,132.0,1.4299632012844086,0.7788737763961157,-0.0014853908020692568,0.0024496400340770683,0.038739296966216,0.9648574251162855,0.015293131279728702,0.8822596669197083,0.9892963171005249
197,1210347,951.4689813027353,49,0.9656169943089755,0.01307321342112034,0.9045589566230774,0.9848364591598511,38.54716981132076,14.656527990787895,17.0,107.0,1.415271818637848,0.7789013559619585,-0.0025703064360034964,0.002595891652163118,0.03785286129916741,0.9656169943089755,0.01307321342112034,0.9045589566230774,0.9848364591598511
198,1216491,808.1826395025747,57,0.962976959016588,0.014805127844698366,0.8902873992919922,0.9875124096870422,41.50694444444444,16.598191219970065,14.0,123.0,1.4516887317101161,0.773699440062046,0.005359246242733207,0.0022299815221534422,0.03717552886619799,0.962976959016588,0.014805127844698366,0.8902873992919922,0.9875124096870422
199,1222634,989.0893735988274,6,0.963531635528387,0.014160995812521034,0.9038026928901672,0.9861254096031189,39.42635658914729,15.309608470883862,15.0,104.0,1.4337867101033528,0.763267974058787,0.001333249318122398,0.0024545899068471044,0.04060339205492096,0.963531635528387,0.014160995812521034,0.9038026928901672,0.9861254096031189
200,1228778,1048.14046897505,12,0.9646949574171778,0.012880060132607143,0.9010277390480042,0.9842754602432251,38.16867469879518,13.924771441189254,17.0,107.0,1.4059706677993138,0.7823611224691073,-0.007908226073292704,0.0024073433354108906,0.03925646718184914,0.9646949574171778,0.012880060132607143,0.9010277390480042,0.9842754602432251
201,1234922,1129.7353688072649,17,0.9655851762741804,0.012692347002764618,0.9186022877693176,0.9870503544807434,37.20625,13.721833366482047,14.0,88.0,1.4378939668337505,0.7818932582934698,-0.005564721754732697,0.0020604491098007807,0.034141913535577974,0.9655851762741804,0.012692347002764618,0.9186022877693176,0.9870503544807434
202,1241066,867.8586351581404,24,0.9629597872685475,0.013894967153665514,0.9232271313667297,0.9879753589630127,40.044585987261144,15.021998284912216,13.0,83.0,1.435717095931371,0.7816039199630419,0.0008618826868769247,0.002286050711215163,0.036702379949420376,0.9629597872685475,0.013894967153665514,0.9232271313667297,0.9879753589630127
203,1247210,1056.8672647451742,30,0.9651574093871321,0.011751610653641721,0.9213771820068359,0.9842754602432251,37.668711656441715,12.704791238979901,17.0,85.0,1.4267765432596207,0.7856794372200966,-0.0009417628292188359,0.0020279445695147538,0.036472243508210885,0.9651574093871321,0.011751610653641721,0.9213771820068359,0.9842754602432251
204,1253354,1041.9329145353781,36,0.9648394895636517,0.014674098713543986,0.8714285492897034,0.9852004051208496,38.01242236024845,15.864326784282596,16.0,139.0,1.423923557003339,0.7880664020776749,-0.004755105863296194,0.001896135227677102,0.03237535927571598,0.9648394895636517,0.014674098713543986,0.8714285492897034,0.9852004051208496
205,1259498,997.5593781127999,42,0.9651761221163201,0.013156139613476617,0.9065775871276855,0.9879753589630127,37.64848484848485,14.223244338845399,13.0,101.0,1.4166652510563533,0.7913074319561323,-0.002379343243471036,0.0020055047255785516,0.03534796135799902,0.9651761221163201,0.013156139613476617,0.9065775871276855,0.9879753589630127
206,1265642,997.7567831425907,49,0.9657759527740238,0.012904270684325713,0.9038026928901672,0.9870503544807434,37.0,13.950947308968308,14.0,104.0,1.4340375512838364,0.7826016942660013,0.004344594094921679,0.0021341726921188333,0.0353137802592677,0.9657759527740238,0.012904270684325713,0.9038026928901672,0.9870503544807434
207,1271786,868.6916193071065,56,0.9619447677366195,0.014486121544296683,0.905652642250061,0.9870503544807434,41.14193548387097,15.661103948925934,14.0,102.0,1.4598261465628941,0.7796823903918266,0.0024139183854761845,0.0021795438369736075,0.03372793139355484,0.9619447677366195,0.014486121544296683,0.905652642250061,0.9870503544807434
208,1277929,937.7372230692973,7,0.9562738236926851,0.019764868302788865,0.8837780356407166,0.9817502498626709,45.523809523809526,20.577424170374883,19.0,121.0,1.5460274865229924,0.7400370016694069,0.02260795437420408,0.0029951129593731216,0.047278985136574046,0.9562738236926851,0.019764868302788865,0.8837780356407166,0.9817502498626709
209,1284073,730.3996602212728,15,0.9459450292115165,0.02598014901926694,0.8597652316093445,0.977908194065094,56.277227722772274,27.04822199529126,23.0,146.0,1.5576209127902985,0.7139139200250307,0.024514571530744433,0.0036223432495413968,0.0512258672257527,0.9459450292115165,0.02598014901926694,0.8597652316093445,0.977908194065094
210,1290217,1000.7404749906954,21,0.941572037935257,0.038075334691177104,0.7195304036140442,0.9865528345108032,60.83,39.64064959104479,14.0,292.0,1.571614017089208,0.6935089280207952,0.019665050009886425,0.004439847505030532,0.0496151833896147,0.941572037935257,0.038075334691177104,0.7195304036140442,0.9865528345108032
211,1296361,950.9224969016369,28,0.9391348878948056,0.03831410080141492,0.7397011518478394,0.9807897806167603,63.36734693877551,39.889231259981514,20.0,271.0,1.5554066449403763,0.6714508334795634,0.013406518594517062,0.0044611434180599945,0.052506431734121485,0.9391348878948056,0.03831410080141492,0.7397011518478394,0.9807897806167603
212,1302505,948.0213197160579,34,0.9426206155358073,0.029777284291222627,0.8424760103225708,0.9817502498626709,59.73831775700935,31.001458044878728,19.0,164.0,1.518619750936826,0.673499492307504,-0.0029978864258737303,0.004792395164258778,0.052917901386215514,0.9426206155358073,0.029777284291222627,0.8424760103225708,0.9817502498626709
213,1308649,742.3479326273648,42,0.9457833643006807,0.032909709631102464,0.8078975677490234,0.9827107787132263,56.445544554455445,34.26266485434667,18.0,200.0,1.5136650552352269,0.6847715030113856,0.007841142558997186,0.005201180465519428,0.05880773316203414,0.9457833643006807,0.032909709631102464,0.8078975677490234,0.9827107787132263
214,1314793,892.9099594452247,49,0.9473776476723808,0.03649572529496989,0.749306321144104,0.9855923056602478,54.785714285714285,37.99610613776961,15.0,261.0,1.510445773601532,0.6728332514564196,-0.0020005280603072606,0.005162094661500305,0.053272416946750833,0.9473776476723808,0.03649572529496989,0.749306321144104,0.9855923056602478
215,1320937,948.8859480851229,56,0.9483641874173592,0.037563577602578314,0.693596601486206,0.9846317768096924,53.758620689655174,39.10785719838441,16.0,319.0,1.484969158967336,0.6927350610494614,0.00227502612688113,0.006030697627769162,0.054502736487770966,0.9483641874173592,0.037563577602578314,0.693596601486206,0.9846317768096924
216,1327081,945.5119641746201,62,0.948918900621219,0.04522573706932865,0.5668089389801025,0.9875133633613586,53.181102362204726,47.085015641893925,13.0,451.0,1.4461365590492885,0.7125216672817866,-0.011657801970917111,0.004668311196534584,0.04807416855525277,0.948918900621219,0.04522573706932865,0.5668089389801025,0.9875133633613586
217,1333224,946.0724249838153,6,0.9551498331129551,0.021224716743610417,0.8831298351287842,0.9870144128799438,44.9,21.24829404917016,13.0,117.0,1.5339004496733348,0.6670515313744545,0.014978942888167998,0.0038275045614379146,0.04956633574601921,0.9551498331129551,0.021224716743610417,0.8831298351287842,0.9870144128799438
218,1339368,975.0650020284685,13,0.939387735811252,0.04627545353359687,0.7482796907424927,0.9820199608802795,60.679611650485434,46.32687022348426,18.0,252.0,1.511878142754237,0.6751121953129768,0.013605749748724824,0.005263869165598105,0.054711374891791925,0.939387735811252,0.04627545353359687,0.7482796907424927,0.9820199608802795
219,1345512,720.0850253364558,21,0.9352654737810935,0.044345160125079004,0.7332963347434998,0.9840177297592163,64.80645161290323,44.39443393972159,16.0,267.0,1.5631939272085826,0.6504135653376579,0.01518687600037083,0.005345787950015317,0.054622699962928865,0.9352654737810935,0.044345160125079004,0.7332963347434998,0.9840177297592163
220,1351656,976.5422968245081,28,0.9297685133559364,0.05297504116109297,0.6413984298706055,0.979023277759552,70.30952380952381,53.03390115013051,21.0,359.0,1.5723563681046169,0.6379913439353307,0.014511215704260394,0.005631438107229769,0.056103736837393364,0.9297685133559364,0.05297504116109297,0.6413984298706055,0.979023277759552
221,1357800,987.969407449622,34,0.9351314849192554,0.06038922180275511,0.6413984298706055,0.9890121817588806,64.94059405940594,60.456321158038755,11.0,359.0,1.5051511029402416,0.640994722644488,0.0027879315845590704,0.006283353470886747,0.05124465681995164,0.9351314849192554,0.06038922180275511,0.6413984298706055,0.9890121817588806
222,1363944,984.5308951929655,40,0.937248672937092,0.05430547244853879,0.6703662872314453,0.9870144128799438,62.82105263157895,54.3658133577514,13.0,330.0,1.526008387406667,0.6380483880639076,0.000558401570742717,0.006087204383220524,0.054005529296277756,0.937248672937092,0.05430547244853879,0.6703662872314453,0.9870144128799438
223,1370088,761.7854464172088,48,0.9351528587967458,0.05337236571873156,0.6693673729896545,0.979023277759552,64.91919191919192,53.43166631318521,21.0,331.0,1.5357086062431335,0.6420527820785841,0.0069589161333472776,0.0065084734427121775,0.04969828574397132,0.9351528587967458,0.05337236571873156,0.6693673729896545,0.979023277759552
224,1376232,896.0599341743866,55,0.9308819917889385,0.05701714213318792,0.57147616147995,0.9830188751220703,69.1948051948052,57.08049430547056,17.0,429.0,1.5668013393878937,0.6225242217381796,0.014713385860280445,0.0057324804171609385,0.05243464910120902,0.9308819917889385,0.05701714213318792,0.57147616147995,0.9830188751220703
225,1382376,960.4694586835654,61,0.9391751084276425,0.043763891617056655,0.7402885556221008,0.9850166440010071,60.89247311827957,43.812519044977115,15.0,260.0,1.555194576581319,0.6166788190603256,0.000549826104058108,0.006550895360608895,0.049786168125291595,0.9391751084276425,0.043763891617056655,0.7402885556221008,0.9850166440010071
226,1388519,874.2601987791747,7,0.9615778007507324,0.018873963470909735,0.8761849999427795,0.9864739775657654,36.928,18.139978390284814,13.0,119.0,1.4608266750971477,0.6919998327891032,-0.0318618044257164,0.005747354802830766,0.061125198963137596,0.9615778007507324,0.018873963470909735,0.8761849999427795,0.9864739775657654
227,1394663,1098.3484445549952,13,0.9589083187187775,0.02747666553772018,0.8397687673568726,0.9875144362449646,39.49367088607595,26.40812754529647,12.0,154.0,1.4218605409065883,0.7212326551477114,-0.02869703892307977,0.005330252199200913,0.059946424540087896,0.9589083187187775,0.02747666553772018,0.8397687673568726,0.9875144362449646
228,1400807,990.135028473803,19,0.9655316576015117,0.019952146472955123,0.8959537744522095,0.989595353603363,33.127906976744185,19.176230751944235,10.0,100.0,1.4244100054105122,0.7370009571313858,-0.01765578651490311,0.005099116048465173,0.057293404142091255,0.9655316576015117,0.019952146472955123,0.8959537744522095,0.989595353603363
229,1406951,795.1859371792772,27,0.9620426300913095,0.033864608566090464,0.7440462708473206,0.9906358122825623,36.48125,32.54765196504196,9.0,246.0,1.458958551287651,0.7377447858452797,0.002022717092283225,0.005294912223083277,0.05167469417196217,0.9620426300913095,0.033864608566090464,0.7440462708473206,0.9906358122825623
230,1413095,760.9001631444969,35,0.9556636906031406,0.0579251252637273,0.44751444458961487,0.9885548949241638,42.61212121212121,55.67248249918151,11.0,531.0,1.461702436208725,0.7415143325924873,-0.005958366135018878,0.0056531243220282095,0.05028351776146108,0.9556636906031406,0.0579251252637273,0.44751444458961487,0.9885548949241638
231,1419239,984.1224280535915,41,0.9621713081995646,0.02828832431353267,0.7794219851493835,0.9875144362449646,36.35757575757576,27.18822194084907,12.0,212.0,1.4669732799132664,0.7482834458351135,-0.0015641557741522167,0.005052955413702875,0.051024840438603114,0.9621713081995646,0.02828832431353267,0.7794219851493835,0.9875144362449646
232,1425383,979.9374727444497,47,0.9577229849145382,0.0318260766201989,0.8002312183380127,0.9906358122825623,40.63291139240506,30.588397409487737,9.0,192.0,1.4783856123685837,0.7417817115783691,-0.0037716039466128373,0.004679981910157949,0.04720219390904958,0.9577229849145382,0.0318260766201989,0.8002312183380127,0.9906358122825623
233,1431527,981.2214703401563,54,0.9617341024640166,0.0212701083116111,0.8584970831871033,0.989595353603363,36.77777777777778,20.442934726866238,10.0,136.0,1.4455122152964275,0.7498683383067449,-0.003872707345484135,0.00434089737245813,0.04633409450141396,0.9617341024640166,0.0212701083116111,0.8584970831871033,0.989595353603363
234,1437671,790.9213864193252,61,0.95883670412004,0.02793857227271689,0.8408092260360718,0.9885548949241638,39.5625,26.852068705222695,11.0,153.0,1.4451781163613002,0.7508092323939005,-0.0025940464280817346,0.004640848492272198,0.04688824174440612,0.95883670412004,0.02793857227271689,0.8408092260360718,0.9885548949241638
235,1443814,872.9243719596672,7,0.9565921292817297,0.016292745228158337,0.8805789947509766,0.9793727397918701,39.98347107438016,15.00742707097008,19.0,110.0,1.4521363476912181,0.740042025844256,-0.005490054888165711,0.003645617049187422,0.051267402704022635,0.9565921292817297,0.016292745228158337,0.8805789947509766,0.9793727397918701
236,1449958,1068.8262918836272,13,0.9566465619838599,0.0164820299879946,0.891435444355011,0.981544017791748,39.93333333333333,15.181780681015804,17.0,100.0,1.399915173649788,0.7640297636389732,-0.012923490973965576,0.002289402667277803,0.0362926301626346,0.9566465619838599,0.0164820299879946,0.891435444355011,0.981544017791748
237,1456102,984.7995688708027,19,0.9575415242176789,0.013835807447445916,0.9098914265632629,0.983715295791626,39.10897435897436,12.744316841972084,15.0,83.0,1.4148012002309163,0.7697961255908012,-0.013870812060000995,0.0020656091219279915,0.03535489864838336,0.9575415242176789,0.013835807447445916,0.9098914265632629,0.983715295791626
238,1462246,741.8996159279949,27,0.959615341254643,0.01456587382837488,0.9033775925636292,0.9848009943962097,37.19875776397515,13.41678742442666,14.0,89.0,1.408041849732399,0.7816048339009285,-0.006255246854076783,0.001978124428812104,0.0349223111830793,0.959615341254643,0.01456587382837488,0.9033775925636292,0.9848009943962097
239,1468390,751.6681070394036,36,0.9586994174754981,0.014712020167448998,0.908805787563324,0.982629656791687,38.04242424242424,13.551406732368378,16.0,84.0,1.4327150384585063,0.781903900206089,-0.0013123341001725446,0.0019235842337366194,0.03349862478761384,0.9586994174754981,0.014712020167448998,0.908805787563324,0.982629656791687
240,1474534,931.9773174450665,42,0.956919616693026,0.016345054819321327,0.8838359713554382,0.983715295791626,39.68181818181818,15.055613159327182,15.0,107.0,1.4451890240112941,0.7751138682166735,0.0026529853106088317,0.0021424670703709126,0.033313396803236056,0.956919616693026,0.016345054819321327,0.8838359713554382,0.983715295791626
241,1480678,940.4592014415083,49,0.9561254489421844,0.015318085935441123,0.890349805355072,0.982629656791687,40.413333333333334,14.109659417891308,16.0,101.0,1.46244278550148,0.7750473047296206,0.003380354588443879,0.0022073589934734628,0.03184099892185573,0.9561254489421844,0.015318085935441123,0.890349805355072,0.982629656791687
242,1486822,736.8153937433347,57,0.9561159579784839,0.02116377056113401,0.800241231918335,0.9848009943962097,40.422077922077925,19.49418243807606,14.0,184.0,1.4304961860179901,0.7775381406148275,0.0106803443050012,0.0025596413373326263,0.03893217652025474,0.9561159579784839,0.02116377056113401,0.800241231918335,0.9848009943962097
243,1492966,736.6408724912964,66,0.9570098715393167,0.01783473875685421,0.8718938231468201,0.9858866333961487,39.598684210526315,16.42777648904322,13.0,118.0,1.4375755588213603,0.771469828983148,0.0020282537188904826,0.0023770301098314426,0.03355387417804483,0.9570098715393167,0.01783473875685421,0.8718938231468201,0.9858866333961487
